67027 0 75382 1 93816 2 15294 3 40947 4 81564 5 
12898 6 55221 7 89598 8 11059 9 19154 10 
98125 11 35692 12 70635 13 30139 14 72411 15 
15042 16 8453 17 65376 18 35832 19 1626 20 
73725 21 51275 22 58927 23 74294 24 62718 25 
37530 26 80403 27 44096 28 13556 29 65487 30 
82921 31 36293 32 47530 33 80656 34 12032 35 
74363 36 93005 37 61324 38 88466 39 44616 40 
69515 41 43119 42 44533 43 29555 44 54256 45 
55430 46 49098 47 85678 48 966 49 49732 50 
72403 51 7168 52 32037 53 92172 54 81944 55 
60738 56 78713 57 13150 58 53690 59 98895 60 
1362 61 55193 62 29108 63 58981 64 82068 65 
37074 66 47794 67 33538 68 45143 69 56893 70 
37926 71 53958 72 27708 73 89778 74 52346 75 
63776 76 92068 77 96873 78 96754 79 70627 80 
44404 81 51460 82 8312 83 56558 84 152 85 
5333 86 7917 87 95278 88 15475 89 63953 90 
67445 91 71868 92 86324 93 12465 94 4464 95 
25593 96 1873 97 36292 98 41252 99 39657 100 
27470 101 9833 102 42365 103 83126 104 83767 105 
84672 106 75589 107 69675 108 83296 109 94778 110 
24800 111 35445 112 83543 113 10295 114 20048 115 
53998 116 16424 117 13841 118 40171 119 222 120 
58087 121 43629 122 86254 123 46994 124 10091 125 
46243 126 20482 127 28524 128 73256 129 8606 130 
14236 131 32508 132 8866 133 93414 134 51725 135 
89579 136 98423 137 85248 138 91000 139 13019 140 
32745 141 65609 142 92922 143 4272 144 83990 145 
74264 146 90435 147 80550 148 40048 149 81608 150 
85447 151 99649 152 9750 153 92116 154 28718 155 
54079 156 39478 157 22530 158 59284 159 81691 160 
17000 161 50076 162 54336 163 93236 164 76757 165 
5766 166 67852 167 48610 168 62294 169 95796 170 
16878 171 23027 172 46213 173 70049 174 8046 175 
91957 176 55714 177 20885 178 83724 179 29382 180 
2720 181 87687 182 7125 183 57787 184 71568 185 
63041 186 98798 187 10259 188 74368 189 44959 190 
83092 191 65159 192 44396 193 56221 194 2494 195 
92098 196 1273 197 56695 198 10214 199 4226 200 
88168 201 7391 202 56933 203 46377 204 50900 205 
6069 206 46308 207 61191 208 1582 209 3351 210 
45698 211 66028 212 85297 213 25592 214 3443 215 
42392 216 47336 217 76165 218 42166 219 86501 220 
80630 221 60354 222 68701 223 94775 224 18273 225 
80709 226 65602 227 61219 228 24414 229 79503 230 
6628 231 45026 232 28290 233 62840 234 69133 235 
26205 236 40819 237 26993 238 28 239 4632 240 
90898 241 21725 242 28761 243 13640 244 19457 245 
27613 246 10725 247 13126 248 73321 249 94823 250 
27548 251 99112 252 48024 253 89304 254 66948 255 
16791 256 39039 257 19045 258 54106 259 92339 260 
74202 261 67796 262 8978 263 5081 264 16648 265 
46614 266 59551 267 6112 268 47206 269 84565 270 
49683 271 52036 272 57932 273 19131 274 42046 275 
63239 276 14361 277 14131 278 31599 279 34939 280 
73050 281 28361 282 53074 283 26239 284 73113 285 
81725 286 87193 287 27499 288 55715 289 17268 290 
44595 291 59575 292 3849 293 37311 294 33943 295 
89814 296 36255 297 99799 298 1213 299 59168 300 
33928 301 97013 302 60878 303 2386 304 25460 305 
2945 306 26502 307 8973 308 8310 309 67939 310 
88222 311 16444 312 37095 313 59586 314 77628 315 
49374 316 67173 317 97426 318 6782 319 17854 320 
1965 321 5640 322 67406 323 67170 324 55911 325 
12722 326 28715 327 26875 328 11436 329 60029 330 
77946 331 41914 332 17896 333 42119 334 6322 335 
81019 336 53300 337 90986 338 55000 339 8370 340 
45406 341 33551 342 504 343 73299 344 27858 345 
97199 346 77191 347 19859 348 89104 349 11678 350 
5526 351 43110 352 57138 353 57335 354 19217 355 
22248 356 51454 357 39466 358 61724 359 42023 360 
25115 361 26435 362 53222 363 73366 364 14476 365 
75285 366 12796 367 21759 368 11839 369 82708 370 
57426 371 67590 372 77216 373 41526 374 89326 375 
16585 376 9354 377 53242 378 26192 379 50387 380 
3336 381 45777 382 25172 383 17439 384 32301 385 
72135 386 647 387 32570 388 4208 389 20552 390 
38360 391 60006 392 61098 393 49579 394 64014 395 
39023 396 7894 397 72595 398 33129 399 74039 400 
80579 401 55392 402 70780 403 51679 404 89426 405 
57779 406 4768 407 66185 408 1999 409 45536 410 
3855 411 31511 412 62747 413 22615 414 53875 415 
33572 416 81271 417 85118 418 78852 419 29284 420 
59731 421 78381 422 41697 423 30435 424 71356 425 
46402 426 39635 427 19864 428 46653 429 98887 430 
43172 431 35037 432 71665 433 85336 434 14274 435 
19828 436 53506 437 57901 438 79328 439 89160 440 
62394 441 25125 442 25546 443 73141 444 16565 445 
47243 446 35671 447 7416 448 36655 449 350 450 
75123 451 14681 452 59570 453 41561 454 98214 455 
78668 456 68316 457 40161 458 45590 459 46360 460 
63936 461 816 462 63765 463 6803 464 78423 465 
94047 466 89429 467 85618 468 3368 469 26473 470 
6145 471 63133 472 88111 473 28716 474 99122 475 
71054 476 43282 477 12436 478 4951 479 47691 480 
70881 481 49578 482 77487 483 34950 484 30417 485 
56726 486 68517 487 81687 488 42140 489 25373 490 
52422 491 77469 492 23022 493 24922 494 7715 495 
78383 496 48892 497 19434 498 5174 499 2283 500 
37026 501 81383 502 42225 503 64664 504 47476 505 
56119 506 6275 507 98395 508 8567 509 29265 510 
45930 511 50556 512 82236 513 75918 514 78298 515 
77930 516 98273 517 25349 518 63065 519 68976 520 
3015 521 57754 522 29564 523 4647 524 87693 525 
60696 526 51766 527 32956 528 84364 529 11996 530 
27942 531 72956 532 43257 533 23143 534 36659 535 
82632 536 34356 537 72693 538 8885 539 22181 540 
48168 541 82657 542 77124 543 19240 544 5899 545 
42551 546 36841 547 95865 548 27607 549 65559 550 
82888 551 48401 552 48436 553 69163 554 64178 555 
80851 556 17647 557 8646 558 33574 559 79956 560 
62916 561 56016 562 56767 563 85929 564 53262 565 
9207 566 83848 567 56611 568 47944 569 36783 570 
80364 571 44807 572 75832 573 11966 574 60820 575 
8665 576 49979 577 66411 578 66927 579 53158 580 
85516 581 98960 582 85315 583 57089 584 55490 585 
7541 586 5011 587 74537 588 88903 589 73362 590 
73675 591 12204 592 87947 593 15753 594 23385 595 
74905 596 17324 597 53281 598 1728 599 40249 600 
97544 601 52161 602 62005 603 70545 604 16207 605 
16539 606 37551 607 95084 608 56546 609 76877 610 
49490 611 99123 612 30883 613 62445 614 74691 615 
37306 616 98143 617 1855 618 31240 619 48672 620 
39217 621 81586 622 22464 623 88037 624 61708 625 
6630 626 17329 627 4250 628 6468 629 49648 630 
34986 631 89649 632 32356 633 45472 634 44328 635 
97055 636 62757 637 86279 638 85564 639 70700 640 
87671 641 99466 642 70186 643 65743 644 28542 645 
45013 646 18104 647 37337 648 89524 649 52036 650 
46317 651 64732 652 38489 653 25277 654 32163 655 
38437 656 83846 657 91429 658 36027 659 79249 660 
39125 661 22479 662 83290 663 76749 664 96260 665 
68672 666 73430 667 31882 668 60670 669 57214 670 
5298 671 63305 672 36456 673 64523 674 81989 675 
90418 676 88434 677 49587 678 86107 679 37364 680 
49212 681 43925 682 96819 683 11710 684 84172 685 
29675 686 53795 687 99158 688 74931 689 1480 690 
59899 691 81358 692 32787 693 150 694 54508 695 
27695 696 7603 697 26469 698 82332 699 33966 700 
14769 701 92065 702 28855 703 80899 704 63075 705 
40912 706 92792 707 63725 708 29769 709 79825 710 
18437 711 346 712 95520 713 89209 714 16298 715 
60115 716 21686 717 46370 718 59156 719 67858 720 
24996 721 82855 722 52459 723 28461 724 80671 725 
14560 726 42930 727 86226 728 63985 729 28766 730 
47326 731 80139 732 22422 733 85807 734 54469 735 
81327 736 55804 737 94708 738 78000 739 2168 740 
70186 741 51945 742 14743 743 47895 744 62779 745 
90366 746 94123 747 40982 748 89826 749 71367 750 
87789 751 86223 752 67070 753 67557 754 85404 755 
60122 756 53377 757 25446 758 32492 759 2050 760 
72041 761 68103 762 69322 763 56636 764 31452 765 
96243 766 5985 767 66903 768 17058 769 72890 770 
18132 771 45933 772 39911 773 31534 774 50306 775 
61159 776 43624 777 30608 778 69332 779 49870 780 
91171 781 88155 782 18957 783 47103 784 75714 785 
69710 786 88722 787 47837 788 25551 789 69700 790 
24999 791 44225 792 2227 793 22096 794 80198 795 
75595 796 23048 797 99563 798 17325 799 4041 800 
74428 801 12029 802 61415 803 81641 804 20922 805 
95367 806 16759 807 6699 808 56281 809 88816 810 
49479 811 75871 812 87494 813 35770 814 68614 815 
26635 816 90556 817 6756 818 25782 819 30292 820 
27540 821 35685 822 93347 823 39533 824 68608 825 
80879 826 74144 827 16560 828 19673 829 70916 830 
41968 831 67883 832 16713 833 71982 834 11384 835 
90105 836 11105 837 18225 838 87817 839 87368 840 
36848 841 79488 842 54479 843 55611 844 20178 845 
1863 846 11377 847 41372 848 64825 849 45642 850 
93434 851 73614 852 22058 853 62553 854 59746 855 
35866 856 33641 857 99549 858 64014 859 92989 860 
17976 861 89971 862 87415 863 11930 864 54956 865 
94583 866 39480 867 19080 868 13413 869 84709 870 
9990 871 18188 872 56585 873 17678 874 85461 875 
52252 876 55617 877 40765 878 27501 879 30418 880 
38889 881 74011 882 47107 883 56626 884 5842 885 
64560 886 98941 887 90600 888 37958 889 75600 890 
62672 891 43754 892 46703 893 71490 894 74668 895 
62667 896 8482 897 87334 898 22647 899 81020 900 
50033 901 26057 902 18314 903 27232 904 64197 905 
8935 906 18609 907 59502 908 55633 909 16559 910 
74852 911 62549 912 38787 913 96395 914 50908 915 
81098 916 36313 917 80379 918 66438 919 83973 920 
55155 921 51374 922 89336 923 49646 924 49604 925 
20889 926 22697 927 39195 928 15930 929 32096 930 
5926 931 75828 932 1537 933 81963 934 77070 935 
81503 936 53116 937 64250 938 24016 939 30613 940 
72884 941 71136 942 85875 943 68347 944 99766 945 
55409 946 52717 947 7009 948 83239 949 47426 950 
51723 951 57470 952 71576 953 41494 954 932 955 
74881 956 93346 957 14807 958 57919 959 97859 960 
71288 961 18782 962 90060 963 38616 964 71051 965 
87387 966 45506 967 37808 968 53792 969 39990 970 
9525 971 32389 972 71273 973 17273 974 89574 975 
97329 976 14815 977 77936 978 84285 979 12790 980 
5390 981 1165 982 56487 983 77194 984 91097 985 
85309 986 48438 987 33599 988 422 989 6671 990 
48665 991 1878 992 84931 993 4046 994 44085 995 
12453 996 73408 997 84379 998 68562 999 18644 1000 
50975 1001 2846 1002 89585 1003 24185 1004 71361 1005 
56692 1006 58477 1007 70 1008 8203 1009 46324 1010 
86335 1011 80585 1012 52204 1013 99433 1014 97848 1015 
22252 1016 64912 1017 24336 1018 58231 1019 81373 1020 
7062 1021 57263 1022 64655 1023 15970 1024 69654 1025 
94978 1026 42933 1027 46122 1028 49312 1029 58892 1030 
92589 1031 13071 1032 26000 1033 19772 1034 79090 1035 
61917 1036 20773 1037 23125 1038 80615 1039 35341 1040 
34010 1041 94575 1042 58654 1043 6506 1044 90442 1045 
71752 1046 36575 1047 98130 1048 46318 1049 4701 1050 
38436 1051 31713 1052 46142 1053 90288 1054 61473 1055 
25987 1056 51706 1057 57789 1058 30023 1059 16873 1060 
4497 1061 2596 1062 6078 1063 2594 1064 24071 1065 
72925 1066 12232 1067 27062 1068 89614 1069 50390 1070 
56490 1071 2232 1072 99664 1073 29537 1074 35197 1075 
35880 1076 55851 1077 93646 1078 30307 1079 75070 1080 
70500 1081 4578 1082 10274 1083 97564 1084 55093 1085 
72938 1086 90033 1087 83540 1088 6829 1089 51510 1090 
4867 1091 78177 1092 73890 1093 99699 1094 5374 1095 
12042 1096 46551 1097 99608 1098 86348 1099 80662 1100 
90872 1101 65446 1102 21050 1103 97279 1104 14478 1105 
77095 1106 84179 1107 23510 1108 29824 1109 85960 1110 
11779 1111 51456 1112 59318 1113 86635 1114 64409 1115 
57816 1116 8817 1117 21458 1118 31060 1119 75625 1120 
21289 1121 86680 1122 35661 1123 32480 1124 10765 1125 
38760 1126 85407 1127 85444 1128 68242 1129 57211 1130 
30767 1131 42329 1132 25834 1133 6466 1134 90662 1135 
96601 1136 63181 1137 53363 1138 33176 1139 18924 1140 
41060 1141 39171 1142 92044 1143 42185 1144 51087 1145 
75469 1146 42296 1147 48805 1148 77588 1149 31716 1150 
54557 1151 19261 1152 77915 1153 9036 1154 96884 1155 
28957 1156 908 1157 49506 1158 55409 1159 86912 1160 
79672 1161 13154 1162 656 1163 94251 1164 54493 1165 
65904 1166 35084 1167 63020 1168 4459 1169 60874 1170 
19222 1171 76632 1172 92222 1173 62712 1174 88696 1175 
92052 1176 55370 1177 60056 1178 42528 1179 80818 1180 
9970 1181 34766 1182 4278 1183 81110 1184 67130 1185 
8206 1186 31899 1187 86265 1188 1776 1189 64652 1190 
79639 1191 26516 1192 54380 1193 59825 1194 95870 1195 
10189 1196 90962 1197 58556 1198 74436 1199 78195 1200 
94484 1201 9775 1202 63907 1203 91379 1204 11601 1205 
59281 1206 79089 1207 14124 1208 32755 1209 21183 1210 
52184 1211 79596 1212 40725 1213 77416 1214 7203 1215 
22110 1216 22990 1217 51399 1218 40547 1219 40301 1220 
6658 1221 6710 1222 43106 1223 11167 1224 41203 1225 
54523 1226 4801 1227 9489 1228 23877 1229 14633 1230 
1175 1231 99751 1232 35453 1233 64013 1234 73472 1235 
58397 1236 29773 1237 24161 1238 78567 1239 53122 1240 
99647 1241 83897 1242 3178 1243 52839 1244 23720 1245 
27793 1246 8010 1247 67102 1248 84216 1249 42101 1250 
91745 1251 16948 1252 33834 1253 99813 1254 42290 1255 
20492 1256 81558 1257 84401 1258 73220 1259 36082 1260 
61815 1261 97821 1262 27067 1263 43405 1264 49121 1265 
12530 1266 63911 1267 58662 1268 81260 1269 69538 1270 
43677 1271 73800 1272 58047 1273 94942 1274 53604 1275 
81708 1276 89841 1277 5912 1278 28547 1279 99463 1280 
80234 1281 3760 1282 61087 1283 29836 1284 40733 1285 
6528 1286 866 1287 7714 1288 51729 1289 56406 1290 
98131 1291 62487 1292 3699 1293 48353 1294 55160 1295 
90097 1296 75340 1297 65455 1298 11066 1299 69147 1300 
31193 1301 73813 1302 402 1303 74321 1304 50344 1305 
25203 1306 94086 1307 37333 1308 29901 1309 39238 1310 
52304 1311 80729 1312 42202 1313 88480 1314 93437 1315 
3094 1316 63099 1317 89671 1318 10427 1319 25534 1320 
30153 1321 12219 1322 46615 1323 18816 1324 34210 1325 
51072 1326 76756 1327 18118 1328 95588 1329 75292 1330 
25723 1331 98074 1332 26965 1333 55923 1334 97376 1335 
24642 1336 39094 1337 97144 1338 79123 1339 22310 1340 
2553 1341 43260 1342 33887 1343 95229 1344 39055 1345 
10716 1346 90530 1347 19101 1348 79146 1349 99127 1350 
96204 1351 77004 1352 89703 1353 68200 1354 99678 1355 
46779 1356 44198 1357 28498 1358 93383 1359 60242 1360 
81510 1361 83117 1362 53714 1363 45169 1364 74901 1365 
74654 1366 84109 1367 29883 1368 11807 1369 37254 1370 
83441 1371 37212 1372 67196 1373 27047 1374 33490 1375 
19710 1376 38530 1377 5960 1378 23567 1379 91245 1380 
98719 1381 83663 1382 7792 1383 91413 1384 14974 1385 
80326 1386 21100 1387 78688 1388 76089 1389 58896 1390 
63768 1391 85848 1392 68449 1393 89762 1394 1012 1395 
86918 1396 41909 1397 52958 1398 14211 1399 18717 1400 
10734 1401 53484 1402 83335 1403 72090 1404 41886 1405 
23824 1406 76368 1407 17969 1408 93210 1409 14433 1410 
70818 1411 61672 1412 77456 1413 27745 1414 34871 1415 
25160 1416 44568 1417 34134 1418 51282 1419 41457 1420 
94300 1421 19341 1422 75813 1423 8057 1424 53985 1425 
52012 1426 83829 1427 86817 1428 82146 1429 27271 1430 
73613 1431 56741 1432 87653 1433 37692 1434 63024 1435 
22975 1436 86252 1437 46532 1438 37309 1439 60481 1440 
51555 1441 89782 1442 80211 1443 24044 1444 55948 1445 
13359 1446 47929 1447 87634 1448 38382 1449 59661 1450 
26092 1451 85611 1452 80644 1453 53782 1454 43562 1455 
15854 1456 21466 1457 3794 1458 3712 1459 30631 1460 
88675 1461 21829 1462 33789 1463 84858 1464 83647 1465 
93082 1466 45989 1467 33386 1468 9396 1469 68398 1470 
50109 1471 69026 1472 93937 1473 32764 1474 56938 1475 
71288 1476 23897 1477 6819 1478 63984 1479 92097 1480 
69887 1481 71389 1482 20717 1483 39287 1484 54745 1485 
66116 1486 29176 1487 31223 1488 88546 1489 2372 1490 
47645 1491 86641 1492 70128 1493 47983 1494 29983 1495 
82656 1496 33899 1497 86647 1498 51330 1499 60828 1500 
2813 1501 28501 1502 42040 1503 86322 1504 93675 1505 
49943 1506 76047 1507 68356 1508 9278 1509 70592 1510 
37309 1511 31558 1512 43419 1513 33183 1514 18504 1515 
87239 1516 19443 1517 38244 1518 89910 1519 91270 1520 
80720 1521 99531 1522 13142 1523 90905 1524 52364 1525 
28516 1526 64426 1527 56784 1528 97469 1529 26608 1530 
75109 1531 68304 1532 98294 1533 62336 1534 93327 1535 
70647 1536 3071 1537 37378 1538 20045 1539 49974 1540 
92498 1541 107 1542 75149 1543 79653 1544 36463 1545 
48231 1546 4815 1547 74841 1548 31209 1549 73146 1550 
50077 1551 55358 1552 29857 1553 37776 1554 58347 1555 
57508 1556 5128 1557 46960 1558 34561 1559 54338 1560 
12086 1561 64859 1562 96697 1563 40812 1564 50841 1565 
57382 1566 21619 1567 15477 1568 64448 1569 89315 1570 
41488 1571 43399 1572 45557 1573 85578 1574 78452 1575 
16528 1576 66934 1577 73991 1578 85869 1579 37091 1580 
95553 1581 62944 1582 98029 1583 37229 1584 97738 1585 
71520 1586 77133 1587 13815 1588 93716 1589 21913 1590 
86268 1591 1230 1592 73926 1593 24404 1594 10124 1595 
26852 1596 46574 1597 33670 1598 91461 1599 94107 1600 
46178 1601 31882 1602 50586 1603 16169 1604 96210 1605 
98815 1606 7583 1607 79711 1608 85469 1609 62127 1610 
32593 1611 52616 1612 87433 1613 81969 1614 8123 1615 
62139 1616 24589 1617 13275 1618 99196 1619 60728 1620 
55628 1621 6353 1622 92081 1623 65576 1624 42403 1625 
51804 1626 80425 1627 4927 1628 35643 1629 49347 1630 
48769 1631 29285 1632 3725 1633 81773 1634 27798 1635 
48863 1636 17121 1637 5044 1638 73055 1639 39996 1640 
92704 1641 23454 1642 49469 1643 22675 1644 96667 1645 
4825 1646 87701 1647 48984 1648 2617 1649 4845 1650 
15155 1651 57939 1652 2237 1653 11957 1654 54419 1655 
46069 1656 69952 1657 94613 1658 24988 1659 75054 1660 
90137 1661 31242 1662 80299 1663 87837 1664 65673 1665 
29949 1666 61427 1667 32849 1668 40032 1669 99721 1670 
51244 1671 2322 1672 81567 1673 17876 1674 68378 1675 
75164 1676 98344 1677 49458 1678 49054 1679 17430 1680 
74547 1681 13515 1682 26649 1683 34182 1684 45440 1685 
58416 1686 33799 1687 85360 1688 56813 1689 3822 1690 
19904 1691 75258 1692 86994 1693 30436 1694 98123 1695 
300 1696 44769 1697 50319 1698 10224 1699 93040 1700 
94914 1701 70352 1702 25116 1703 31648 1704 4560 1705 
69332 1706 67454 1707 93618 1708 48230 1709 45225 1710 
6400 1711 20040 1712 57152 1713 53246 1714 21437 1715 
22488 1716 49325 1717 47750 1718 2066 1719 8438 1720 
30819 1721 61300 1722 31310 1723 23084 1724 15913 1725 
2825 1726 49100 1727 5547 1728 73950 1729 33441 1730 
90979 1731 35650 1732 74135 1733 83303 1734 49951 1735 
3835 1736 66041 1737 5733 1738 14927 1739 71216 1740 
3182 1741 25952 1742 97859 1743 99405 1744 89793 1745 
30862 1746 73491 1747 20441 1748 6828 1749 63630 1750 
20613 1751 86005 1752 52178 1753 32237 1754 71741 1755 
82097 1756 12263 1757 14686 1758 49350 1759 20419 1760 
67384 1761 45207 1762 91121 1763 20945 1764 21615 1765 
95623 1766 44060 1767 81524 1768 39515 1769 23905 1770 
37974 1771 89784 1772 66558 1773 48011 1774 32418 1775 
70273 1776 7955 1777 17246 1778 68097 1779 75429 1780 
41394 1781 95686 1782 43603 1783 22862 1784 43261 1785 
42582 1786 81474 1787 53388 1788 14992 1789 73247 1790 
43724 1791 34351 1792 6502 1793 10537 1794 6317 1795 
60999 1796 46988 1797 91858 1798 4513 1799 15016 1800 
9914 1801 79532 1802 16561 1803 23802 1804 58626 1805 
33376 1806 61911 1807 26676 1808 41775 1809 43529 1810 
51953 1811 94899 1812 33636 1813 88832 1814 46193 1815 
71279 1816 43384 1817 81487 1818 34881 1819 92074 1820 
49538 1821 82251 1822 90280 1823 29005 1824 51036 1825 
22068 1826 3070 1827 42446 1828 64762 1829 45865 1830 
47861 1831 68150 1832 40886 1833 2095 1834 2297 1835 
69405 1836 11972 1837 37700 1838 77987 1839 74059 1840 
39586 1841 22280 1842 8265 1843 81610 1844 72997 1845 
17575 1846 77756 1847 69382 1848 88596 1849 28748 1850 
71771 1851 48806 1852 35742 1853 22521 1854 69751 1855 
22894 1856 75051 1857 73851 1858 6314 1859 74234 1860 
58480 1861 7632 1862 75854 1863 69179 1864 67077 1865 
34813 1866 62279 1867 98385 1868 91915 1869 43370 1870 
34084 1871 86413 1872 16445 1873 93700 1874 56844 1875 
93889 1876 34410 1877 85337 1878 40103 1879 4526 1880 
16463 1881 7245 1882 53738 1883 36274 1884 20752 1885 
57530 1886 20025 1887 41015 1888 27983 1889 20036 1890 
12012 1891 60381 1892 69878 1893 15093 1894 66170 1895 
86657 1896 11419 1897 99590 1898 47940 1899 37201 1900 
41915 1901 77584 1902 92404 1903 88396 1904 27674 1905 
96813 1906 79206 1907 30884 1908 79955 1909 48768 1910 
90708 1911 1677 1912 95854 1913 60386 1914 45514 1915 
20704 1916 36940 1917 63965 1918 95611 1919 9475 1920 
20671 1921 58567 1922 24757 1923 97728 1924 13048 1925 
30945 1926 88134 1927 30308 1928 27414 1929 86947 1930 
88894 1931 70977 1932 53980 1933 55410 1934 95883 1935 
62472 1936 67391 1937 65655 1938 68669 1939 42817 1940 
85524 1941 67064 1942 70927 1943 36790 1944 81725 1945 
54545 1946 21311 1947 38369 1948 84806 1949 87293 1950 
52113 1951 75122 1952 36396 1953 39872 1954 20366 1955 
98692 1956 13596 1957 4461 1958 43440 1959 76911 1960 
66417 1961 70973 1962 11789 1963 72510 1964 64081 1965 
47856 1966 65163 1967 81030 1968 92045 1969 50469 1970 
5449 1971 66238 1972 92478 1973 76283 1974 59225 1975 
75188 1976 94903 1977 6508 1978 96172 1979 37090 1980 
40893 1981 22328 1982 55704 1983 50171 1984 66911 1985 
556 1986 33479 1987 39021 1988 72803 1989 58311 1990 
31877 1991 21179 1992 69926 1993 49259 1994 84150 1995 
56270 1996 72560 1997 74936 1998 20566 1999 63522 2000 
68957 2001 63894 2002 56760 2003 84279 2004 84307 2005 
88661 2006 49394 2007 34943 2008 26875 2009 35909 2010 
82317 2011 42740 2012 90695 2013 18801 2014 17601 2015 
81839 2016 73484 2017 22089 2018 70157 2019 30545 2020 
56784 2021 378 2022 42049 2023 51635 2024 86862 2025 
7845 2026 83229 2027 57409 2028 89540 2029 23735 2030 
29069 2031 58582 2032 49846 2033 52157 2034 1910 2035 
11911 2036 88293 2037 16929 2038 53780 2039 75249 2040 
69569 2041 42677 2042 70491 2043 50747 2044 86566 2045 
11919 2046 53532 2047 46966 2048 72924 2049 14502 2050 
45480 2051 18936 2052 10650 2053 60571 2054 67097 2055 
51492 2056 15857 2057 11156 2058 89851 2059 35758 2060 
5335 2061 91477 2062 76271 2063 51165 2064 69372 2065 
91265 2066 82398 2067 6192 2068 2166 2069 23628 2070 
31502 2071 9808 2072 70143 2073 9471 2074 36313 2075 
42600 2076 30632 2077 77938 2078 68212 2079 71650 2080 
48623 2081 25076 2082 46142 2083 6454 2084 97667 2085 
52644 2086 45426 2087 24534 2088 72540 2089 16947 2090 
7264 2091 4840 2092 85861 2093 53591 2094 63371 2095 
94670 2096 68667 2097 8194 2098 77015 2099 1526 2100 
45768 2101 95430 2102 41678 2103 45204 2104 10766 2105 
29128 2106 71620 2107 27353 2108 82703 2109 14726 2110 
64816 2111 75872 2112 86588 2113 72033 2114 18053 2115 
99710 2116 63418 2117 61010 2118 26420 2119 45991 2120 
81818 2121 16247 2122 4984 2123 85864 2124 93046 2125 
56775 2126 29139 2127 68067 2128 43871 2129 27084 2130 
1938 2131 69915 2132 37710 2133 42447 2134 21645 2135 
44285 2136 13408 2137 57099 2138 40820 2139 8126 2140 
93178 2141 47331 2142 79451 2143 43128 2144 36476 2145 
3226 2146 78933 2147 82410 2148 24959 2149 52563 2150 
61175 2151 38421 2152 95168 2153 98292 2154 87645 2155 
86737 2156 30240 2157 37068 2158 96886 2159 58034 2160 
19670 2161 40428 2162 35830 2163 6212 2164 97036 2165 
22553 2166 90182 2167 14538 2168 69620 2169 88895 2170 
62235 2171 73610 2172 60958 2173 58545 2174 40628 2175 
15056 2176 97633 2177 79837 2178 55911 2179 13118 2180 
84983 2181 13487 2182 18212 2183 72588 2184 32913 2185 
40475 2186 88845 2187 6063 2188 12624 2189 62909 2190 
46441 2191 66078 2192 47825 2193 5265 2194 69935 2195 
38377 2196 69879 2197 90700 2198 75734 2199 21474 2200 
95323 2201 62525 2202 14450 2203 14573 2204 16357 2205 
44475 2206 53734 2207 11064 2208 30122 2209 85060 2210 
48123 2211 48003 2212 70979 2213 11078 2214 24204 2215 
93341 2216 51517 2217 23283 2218 89995 2219 62150 2220 
62622 2221 3211 2222 11121 2223 40666 2224 30713 2225 
64369 2226 83179 2227 62728 2228 81122 2229 73231 2230 
69635 2231 27000 2232 10591 2233 85939 2234 67664 2235 
65363 2236 29013 2237 95104 2238 10510 2239 72964 2240 
90767 2241 57796 2242 14309 2243 88597 2244 99393 2245 
80558 2246 29699 2247 70493 2248 35863 2249 70237 2250 
64165 2251 47009 2252 30310 2253 20422 2254 99703 2255 
34357 2256 69860 2257 92443 2258 42266 2259 4199 2260 
11062 2261 67200 2262 4329 2263 52803 2264 44438 2265 
89467 2266 40031 2267 70410 2268 40793 2269 99862 2270 
23514 2271 34592 2272 94179 2273 51347 2274 85410 2275 
54547 2276 64785 2277 36891 2278 99844 2279 74699 2280 
16540 2281 12840 2282 44933 2283 5366 2284 38827 2285 
88593 2286 43399 2287 85928 2288 39475 2289 67308 2290 
26776 2291 1590 2292 97066 2293 64687 2294 56591 2295 
68726 2296 64602 2297 3266 2298 79013 2299 75733 2300 
23709 2301 78188 2302 85604 2303 16446 2304 98798 2305 
17104 2306 2168 2307 81371 2308 53992 2309 11601 2310 
30101 2311 78335 2312 12130 2313 80511 2314 20232 2315 
38657 2316 54784 2317 36445 2318 67828 2319 27502 2320 
84987 2321 66098 2322 79262 2323 17823 2324 60231 2325 
2114 2326 75756 2327 6150 2328 32329 2329 59754 2330 
67728 2331 45439 2332 62825 2333 35101 2334 54403 2335 
45311 2336 17927 2337 13238 2338 77723 2339 43208 2340 
85290 2341 14588 2342 86979 2343 81379 2344 96492 2345 
15529 2346 51198 2347 34040 2348 83676 2349 15435 2350 
89987 2351 16681 2352 46579 2353 86446 2354 80347 2355 
75194 2356 57048 2357 34562 2358 36934 2359 96368 2360 
82161 2361 21058 2362 56292 2363 3234 2364 64167 2365 
41763 2366 61775 2367 98885 2368 55764 2369 38395 2370 
85207 2371 576 2372 72549 2373 20943 2374 73748 2375 
62288 2376 91046 2377 12977 2378 16019 2379 18393 2380 
90290 2381 92822 2382 40225 2383 93670 2384 7723 2385 
92681 2386 48824 2387 15632 2388 56059 2389 35087 2390 
19238 2391 33970 2392 26719 2393 31452 2394 18173 2395 
98920 2396 87637 2397 41046 2398 48298 2399 75413 2400 
68439 2401 90384 2402 70347 2403 73124 2404 14396 2405 
82767 2406 21167 2407 53876 2408 82061 2409 85681 2410 
78778 2411 37319 2412 44115 2413 69734 2414 9216 2415 
63411 2416 68718 2417 87016 2418 66753 2419 85944 2420 
39517 2421 19037 2422 9005 2423 65216 2424 86488 2425 
94797 2426 31537 2427 99904 2428 4916 2429 78102 2430 
22735 2431 88314 2432 50050 2433 49869 2434 89059 2435 
37387 2436 8376 2437 65983 2438 3208 2439 44196 2440 
62935 2441 54150 2442 83307 2443 59153 2444 89756 2445 
24235 2446 19931 2447 2705 2448 45221 2449 5740 2450 
29556 2451 48078 2452 30048 2453 93367 2454 28017 2455 
1419 2456 44604 2457 76988 2458 85590 2459 7699 2460 
82382 2461 55922 2462 46507 2463 85808 2464 43699 2465 
89062 2466 70048 2467 49536 2468 90111 2469 12159 2470 
77771 2471 2416 2472 1486 2473 61522 2474 72030 2475 
3962 2476 42340 2477 79389 2478 24611 2479 92349 2480 
91784 2481 40411 2482 21118 2483 14372 2484 42309 2485 
30959 2486 86728 2487 57324 2488 26639 2489 33388 2490 
11936 2491 99427 2492 89015 2493 15911 2494 43168 2495 
95549 2496 77523 2497 5413 2498 2403 2499 93138 2500 
97461 2501 25317 2502 52414 2503 29700 2504 32236 2505 
13498 2506 29813 2507 97553 2508 7928 2509 96329 2510 
26738 2511 74260 2512 50390 2513 84043 2514 13884 2515 
7809 2516 59652 2517 69933 2518 62480 2519 14482 2520 
5382 2521 61276 2522 40915 2523 94329 2524 29308 2525 
43447 2526 32875 2527 94247 2528 25733 2529 80304 2530 
48197 2531 51907 2532 59681 2533 83756 2534 75074 2535 
35084 2536 73691 2537 43293 2538 52809 2539 50471 2540 
28923 2541 92323 2542 28011 2543 33603 2544 23987 2545 
2305 2546 93954 2547 47270 2548 35779 2549 37968 2550 
2733 2551 9635 2552 30631 2553 77285 2554 82957 2555 
45259 2556 1179 2557 98452 2558 91859 2559 2307 2560 
94648 2561 62733 2562 80083 2563 7455 2564 11587 2565 
76863 2566 49788 2567 36358 2568 70633 2569 1569 2570 
42310 2571 62010 2572 54485 2573 83838 2574 317 2575 
5925 2576 75022 2577 29705 2578 11184 2579 57789 2580 
21406 2581 1615 2582 53283 2583 48091 2584 83971 2585 
19843 2586 34925 2587 55199 2588 78881 2589 70957 2590 
36903 2591 3449 2592 33730 2593 78016 2594 43895 2595 
62052 2596 32709 2597 66935 2598 77416 2599 85945 2600 
61401 2601 71381 2602 23590 2603 49212 2604 35935 2605 
54610 2606 82700 2607 9278 2608 48981 2609 90784 2610 
54283 2611 5807 2612 15921 2613 40618 2614 11486 2615 
42106 2616 58567 2617 76616 2618 11468 2619 18753 2620 
20907 2621 61669 2622 34812 2623 89339 2624 71618 2625 
61471 2626 46241 2627 86373 2628 11459 2629 75988 2630 
21365 2631 21776 2632 70177 2633 8117 2634 89756 2635 
873 2636 47171 2637 48709 2638 3342 2639 1351 2640 
22918 2641 46309 2642 50908 2643 59427 2644 44046 2645 
47225 2646 4479 2647 74258 2648 63940 2649 36950 2650 
1363 2651 88657 2652 2910 2653 87535 2654 36883 2655 
29223 2656 77167 2657 17110 2658 67102 2659 92259 2660 
34284 2661 97582 2662 98309 2663 43174 2664 24272 2665 
4439 2666 70595 2667 56543 2668 30074 2669 88602 2670 
26526 2671 61600 2672 78995 2673 64464 2674 92765 2675 
73662 2676 57495 2677 50506 2678 92405 2679 85832 2680 
55761 2681 69309 2682 48866 2683 67282 2684 75603 2685 
12313 2686 38381 2687 64547 2688 45479 2689 1334 2690 
97432 2691 30465 2692 99830 2693 33631 2694 93917 2695 
11729 2696 96410 2697 80226 2698 26419 2699 10538 2700 
64918 2701 18225 2702 24617 2703 98374 2704 3012 2705 
17039 2706 85705 2707 699 2708 61637 2709 65674 2710 
96637 2711 90195 2712 90631 2713 23721 2714 60061 2715 
23135 2716 47675 2717 2133 2718 63013 2719 28596 2720 
8938 2721 31622 2722 1754 2723 13417 2724 58103 2725 
56221 2726 3568 2727 77179 2728 72015 2729 97513 2730 
66917 2731 40936 2732 65785 2733 71048 2734 75029 2735 
81046 2736 7949 2737 622 2738 24822 2739 25143 2740 
67153 2741 68395 2742 52995 2743 11174 2744 5865 2745 
59215 2746 34202 2747 32367 2748 93702 2749 6067 2750 
72394 2751 91114 2752 73251 2753 20222 2754 5757 2755 
62966 2756 74625 2757 94428 2758 98081 2759 28287 2760 
41493 2761 435 2762 94999 2763 63584 2764 970 2765 
63136 2766 82201 2767 97141 2768 82495 2769 82794 2770 
94551 2771 24277 2772 66699 2773 94108 2774 89974 2775 
46440 2776 24283 2777 96266 2778 20066 2779 45275 2780 
87050 2781 61696 2782 528 2783 27939 2784 78475 2785 
32842 2786 8896 2787 83141 2788 19599 2789 46132 2790 
14433 2791 68723 2792 17521 2793 80167 2794 75646 2795 
11104 2796 38393 2797 11224 2798 24568 2799 34465 2800 
64587 2801 73317 2802 93763 2803 53314 2804 36562 2805 
62339 2806 31965 2807 55880 2808 83990 2809 94234 2810 
97300 2811 77802 2812 57795 2813 25671 2814 13275 2815 
15628 2816 85059 2817 72344 2818 21987 2819 57901 2820 
82066 2821 14837 2822 71483 2823 17940 2824 77329 2825 
64865 2826 29756 2827 36892 2828 16009 2829 75777 2830 
26532 2831 88235 2832 39943 2833 20325 2834 85869 2835 
55650 2836 63327 2837 26021 2838 27477 2839 74983 2840 
93162 2841 53808 2842 82767 2843 28051 2844 75626 2845 
29288 2846 92825 2847 51088 2848 84874 2849 87435 2850 
29804 2851 73893 2852 9066 2853 71482 2854 10696 2855 
37055 2856 29986 2857 34608 2858 52993 2859 44125 2860 
37219 2861 29059 2862 55440 2863 93206 2864 65597 2865 
31517 2866 73909 2867 98120 2868 95531 2869 45807 2870 
2358 2871 53213 2872 9833 2873 44442 2874 61892 2875 
17776 2876 57758 2877 59047 2878 47171 2879 96204 2880 
37252 2881 6355 2882 78681 2883 68203 2884 69797 2885 
41264 2886 61862 2887 79724 2888 8688 2889 61340 2890 
59633 2891 39768 2892 91280 2893 48198 2894 43550 2895 
80801 2896 18437 2897 20349 2898 658 2899 31251 2900 
20324 2901 89389 2902 38024 2903 17391 2904 46680 2905 
56804 2906 45016 2907 58898 2908 1840 2909 62220 2910 
44583 2911 47471 2912 30020 2913 95572 2914 89107 2915 
1112 2916 44779 2917 15449 2918 33824 2919 68028 2920 
88037 2921 73811 2922 51414 2923 13570 2924 98712 2925 
33254 2926 35010 2927 61239 2928 68737 2929 77223 2930 
73718 2931 74514 2932 65132 2933 55811 2934 74674 2935 
60074 2936 805 2937 80211 2938 48735 2939 45000 2940 
43868 2941 77422 2942 73078 2943 30615 2944 65534 2945 
43470 2946 93322 2947 53847 2948 40009 2949 88190 2950 
30195 2951 93345 2952 26333 2953 47516 2954 11383 2955 
42074 2956 81714 2957 50284 2958 57827 2959 30667 2960 
78694 2961 65681 2962 15617 2963 26581 2964 24316 2965 
24791 2966 39517 2967 52932 2968 8524 2969 5075 2970 
2255 2971 67836 2972 41096 2973 90171 2974 24895 2975 
20233 2976 71714 2977 69046 2978 97917 2979 51336 2980 
26126 2981 18344 2982 90086 2983 42232 2984 32853 2985 
19643 2986 22740 2987 17621 2988 59570 2989 99412 2990 
20838 2991 3284 2992 25962 2993 43595 2994 38909 2995 
578 2996 10831 2997 31030 2998 99994 2999 85128 3000 
25150 3001 50340 3002 78737 3003 58832 3004 79939 3005 
13458 3006 5964 3007 84412 3008 38083 3009 55596 3010 
71431 3011 9966 3012 2566 3013 16289 3014 53823 3015 
47303 3016 60143 3017 29004 3018 12691 3019 2350 3020 
69058 3021 7888 3022 35686 3023 68473 3024 52188 3025 
9358 3026 46268 3027 84336 3028 32887 3029 63534 3030 
42000 3031 26699 3032 29779 3033 15928 3034 51643 3035 
55592 3036 8894 3037 93313 3038 70385 3039 54363 3040 
76795 3041 9408 3042 56950 3043 10329 3044 86727 3045 
55740 3046 53676 3047 63111 3048 21296 3049 80989 3050 
21293 3051 7204 3052 9865 3053 48162 3054 63794 3055 
72932 3056 36546 3057 73076 3058 55588 3059 25650 3060 
95609 3061 89931 3062 73108 3063 16930 3064 55075 3065 
60175 3066 76086 3067 93401 3068 96439 3069 39371 3070 
79896 3071 19049 3072 8679 3073 43454 3074 9702 3075 
94983 3076 28127 3077 10562 3078 29575 3079 67020 3080 
32243 3081 37495 3082 95303 3083 95937 3084 14993 3085 
80947 3086 88333 3087 27797 3088 94275 3089 52760 3090 
50082 3091 42529 3092 27696 3093 5781 3094 50790 3095 
77738 3096 42054 3097 2280 3098 95177 3099 21729 3100 
13951 3101 80439 3102 88343 3103 44814 3104 74266 3105 
86082 3106 59656 3107 91202 3108 47564 3109 16592 3110 
69839 3111 85093 3112 79032 3113 31877 3114 7022 3115 
14111 3116 46172 3117 23285 3118 11197 3119 40776 3120 
210 3121 95517 3122 53375 3123 58452 3124 33086 3125 
8900 3126 35638 3127 52048 3128 19872 3129 49737 3130 
71372 3131 45734 3132 43615 3133 45061 3134 51161 3135 
20012 3136 69830 3137 14705 3138 99119 3139 58733 3140 
1276 3141 58453 3142 76894 3143 42962 3144 10120 3145 
8885 3146 98147 3147 43105 3148 14267 3149 41613 3150 
74975 3151 73274 3152 37321 3153 23742 3154 29607 3155 
62618 3156 67609 3157 98671 3158 69594 3159 67172 3160 
10607 3161 50786 3162 42821 3163 92768 3164 11331 3165 
67086 3166 59840 3167 24634 3168 8420 3169 14495 3170 
95336 3171 62545 3172 70101 3173 81369 3174 57998 3175 
41714 3176 53655 3177 89605 3178 48617 3179 79120 3180 
24690 3181 69834 3182 9927 3183 22528 3184 70246 3185 
6305 3186 8526 3187 95208 3188 40651 3189 364 3190 
79163 3191 23189 3192 59046 3193 71847 3194 4713 3195 
3879 3196 44626 3197 16233 3198 1399 3199 24941 3200 
5897 3201 62074 3202 28085 3203 70588 3204 73641 3205 
27982 3206 40963 3207 58765 3208 59759 3209 61401 3210 
70461 3211 37178 3212 47811 3213 52376 3214 5950 3215 
28729 3216 43824 3217 54750 3218 35588 3219 57629 3220 
41816 3221 14449 3222 3642 3223 6324 3224 87470 3225 
99964 3226 15628 3227 50315 3228 55564 3229 53660 3230 
42859 3231 93087 3232 91965 3233 34203 3234 52275 3235 
76544 3236 9415 3237 172 3238 14875 3239 73743 3240 
67817 3241 92859 3242 26645 3243 80130 3244 14367 3245 
12266 3246 9558 3247 7153 3248 6638 3249 44482 3250 
47057 3251 47776 3252 92581 3253 90915 3254 48343 3255 
27324 3256 75437 3257 70247 3258 28879 3259 75030 3260 
48657 3261 12526 3262 40717 3263 51754 3264 46213 3265 
41476 3266 85546 3267 47583 3268 17026 3269 45866 3270 
95825 3271 19361 3272 98759 3273 73725 3274 74917 3275 
72657 3276 35872 3277 44189 3278 45848 3279 5293 3280 
59541 3281 60956 3282 70097 3283 20280 3284 22963 3285 
28587 3286 62810 3287 84843 3288 64571 3289 18314 3290 
48865 3291 59186 3292 53774 3293 3563 3294 75418 3295 
43777 3296 59146 3297 87011 3298 20863 3299 97113 3300 
67315 3301 70862 3302 17619 3303 57304 3304 72348 3305 
79847 3306 36663 3307 60276 3308 50029 3309 32562 3310 
65480 3311 84984 3312 29195 3313 70875 3314 47874 3315 
71769 3316 73172 3317 99438 3318 44047 3319 53814 3320 
88345 3321 57732 3322 12417 3323 13655 3324 84053 3325 
45635 3326 10825 3327 26775 3328 18219 3329 50142 3330 
64117 3331 82539 3332 76528 3333 75643 3334 47514 3335 
79102 3336 49462 3337 63119 3338 90745 3339 73345 3340 
91135 3341 94593 3342 16641 3343 29536 3344 66609 3345 
18375 3346 89652 3347 51112 3348 20275 3349 97911 3350 
64739 3351 98831 3352 26865 3353 82454 3354 95142 3355 
95529 3356 18808 3357 21314 3358 78696 3359 92778 3360 
18875 3361 95105 3362 96721 3363 28013 3364 45470 3365 
17188 3366 26929 3367 32008 3368 99383 3369 66418 3370 
92355 3371 56062 3372 85499 3373 48354 3374 42026 3375 
75858 3376 70669 3377 46220 3378 45892 3379 94681 3380 
29857 3381 15232 3382 26476 3383 12531 3384 86658 3385 
94267 3386 42777 3387 49617 3388 11440 3389 57437 3390 
88153 3391 12857 3392 578 3393 4740 3394 63207 3395 
72190 3396 23668 3397 95799 3398 37177 3399 69884 3400 
92078 3401 63551 3402 16859 3403 20475 3404 71845 3405 
5842 3406 804 3407 71589 3408 36677 3409 41993 3410 
8348 3411 86604 3412 32679 3413 38727 3414 37971 3415 
78966 3416 5455 3417 55232 3418 27532 3419 74953 3420 
22351 3421 30678 3422 60156 3423 6754 3424 7851 3425 
39171 3426 83824 3427 40981 3428 98533 3429 66906 3430 
90181 3431 29070 3432 15487 3433 24190 3434 28648 3435 
25480 3436 46728 3437 91049 3438 15594 3439 57230 3440 
29884 3441 9285 3442 35166 3443 44014 3444 26338 3445 
76139 3446 18287 3447 61989 3448 81976 3449 65121 3450 
29438 3451 16300 3452 76850 3453 98114 3454 86979 3455 
37508 3456 76308 3457 19505 3458 92139 3459 45308 3460 
9516 3461 77893 3462 44201 3463 29274 3464 17809 3465 
3819 3466 74982 3467 80831 3468 34938 3469 83028 3470 
44439 3471 73267 3472 84025 3473 63892 3474 979 3475 
27308 3476 1930 3477 4944 3478 25061 3479 18627 3480 
30716 3481 63862 3482 42697 3483 80652 3484 48062 3485 
52789 3486 16675 3487 31087 3488 43690 3489 36522 3490 
97630 3491 3856 3492 87269 3493 29908 3494 44552 3495 
99440 3496 74782 3497 58672 3498 4841 3499 76138 3500 
84915 3501 83957 3502 77775 3503 92306 3504 24857 3505 
54999 3506 72010 3507 75398 3508 95706 3509 46667 3510 
7722 3511 37465 3512 61731 3513 58982 3514 7029 3515 
78737 3516 64845 3517 4282 3518 62555 3519 21015 3520 
85901 3521 84362 3522 73285 3523 90827 3524 17810 3525 
64682 3526 89333 3527 28635 3528 81974 3529 85677 3530 
12771 3531 34876 3532 89159 3533 12208 3534 60405 3535 
76197 3536 18691 3537 11377 3538 6164 3539 65967 3540 
65737 3541 66200 3542 85715 3543 2020 3544 85423 3545 
78043 3546 64018 3547 91525 3548 44692 3549 84274 3550 
37660 3551 18002 3552 78044 3553 19223 3554 68202 3555 
8697 3556 31677 3557 76346 3558 20144 3559 41923 3560 
72067 3561 87393 3562 7731 3563 93386 3564 29637 3565 
20411 3566 38475 3567 58166 3568 45929 3569 12571 3570 
78128 3571 721 3572 93570 3573 96115 3574 51727 3575 
79124 3576 42321 3577 46090 3578 38459 3579 61730 3580 
51646 3581 77114 3582 14230 3583 4571 3584 80453 3585 
43048 3586 45182 3587 85968 3588 18089 3589 48245 3590 
37812 3591 1249 3592 57137 3593 61958 3594 6941 3595 
4877 3596 48195 3597 38523 3598 31440 3599 49942 3600 
99597 3601 85096 3602 29469 3603 15644 3604 10888 3605 
85985 3606 99906 3607 32300 3608 57874 3609 88086 3610 
44711 3611 10311 3612 79210 3613 75383 3614 8182 3615 
54689 3616 49731 3617 12218 3618 43332 3619 99919 3620 
64112 3621 14757 3622 43112 3623 31310 3624 95947 3625 
18023 3626 54733 3627 68437 3628 41968 3629 41895 3630 
29043 3631 73886 3632 8884 3633 23621 3634 43733 3635 
16252 3636 51176 3637 76698 3638 79083 3639 60145 3640 
22228 3641 56359 3642 18039 3643 77980 3644 58255 3645 
60464 3646 88578 3647 78395 3648 74785 3649 71243 3650 
65659 3651 24364 3652 18812 3653 48108 3654 2489 3655 
70444 3656 86226 3657 14700 3658 66393 3659 83028 3660 
83792 3661 44333 3662 13285 3663 20124 3664 87672 3665 
37169 3666 46538 3667 37846 3668 26374 3669 99772 3670 
71000 3671 59703 3672 95017 3673 83038 3674 70962 3675 
91704 3676 89931 3677 8107 3678 12098 3679 91430 3680 
37860 3681 11452 3682 91670 3683 2406 3684 82419 3685 
70188 3686 38784 3687 46498 3688 81957 3689 26500 3690 
97012 3691 26496 3692 67610 3693 16170 3694 5395 3695 
28668 3696 8077 3697 20302 3698 30677 3699 30766 3700 
28541 3701 1673 3702 93526 3703 14847 3704 35145 3705 
57501 3706 74606 3707 56210 3708 3578 3709 18993 3710 
82517 3711 9865 3712 572 3713 54688 3714 14966 3715 
44187 3716 20485 3717 89369 3718 46953 3719 77717 3720 
35662 3721 33274 3722 35333 3723 59574 3724 78886 3725 
27330 3726 37809 3727 96552 3728 98979 3729 49314 3730 
6212 3731 70647 3732 56514 3733 93133 3734 28885 3735 
9661 3736 55573 3737 28808 3738 65044 3739 70485 3740 
39637 3741 74306 3742 35173 3743 69727 3744 14951 3745 
61997 3746 5846 3747 49646 3748 3048 3749 62321 3750 
34792 3751 98615 3752 65688 3753 35157 3754 22601 3755 
54884 3756 90013 3757 15396 3758 51137 3759 9959 3760 
69560 3761 3425 3762 75573 3763 93669 3764 67569 3765 
23463 3766 76876 3767 66814 3768 3101 3769 33152 3770 
74651 3771 69286 3772 57557 3773 16294 3774 46441 3775 
71635 3776 59465 3777 67317 3778 98896 3779 56270 3780 
68788 3781 80826 3782 88658 3783 10861 3784 48487 3785 
92505 3786 96406 3787 50942 3788 80725 3789 78674 3790 
16138 3791 1347 3792 57838 3793 10967 3794 33656 3795 
56815 3796 54080 3797 79871 3798 33094 3799 10938 3800 
63160 3801 46292 3802 88446 3803 89641 3804 68707 3805 
53838 3806 68208 3807 50421 3808 65 3809 36177 3810 
5595 3811 11850 3812 14188 3813 83598 3814 64193 3815 
59150 3816 35909 3817 90841 3818 59533 3819 31161 3820 
83505 3821 94261 3822 80693 3823 31583 3824 4204 3825 
20583 3826 92921 3827 23122 3828 45181 3829 11781 3830 
92159 3831 57014 3832 89588 3833 60999 3834 25443 3835 
62351 3836 94286 3837 93018 3838 87342 3839 69766 3840 
76215 3841 49378 3842 51907 3843 72233 3844 7695 3845 
93097 3846 2046 3847 32089 3848 97480 3849 30796 3850 
73811 3851 27858 3852 53995 3853 61110 3854 41776 3855 
97065 3856 49954 3857 97412 3858 33488 3859 71938 3860 
33424 3861 80144 3862 75930 3863 23745 3864 59422 3865 
89496 3866 44996 3867 28496 3868 48235 3869 92677 3870 
10166 3871 41822 3872 11928 3873 11694 3874 40883 3875 
24079 3876 28883 3877 77347 3878 68595 3879 88072 3880 
87695 3881 43046 3882 78959 3883 51254 3884 66411 3885 
68100 3886 42428 3887 61858 3888 60826 3889 44282 3890 
78234 3891 34170 3892 26440 3893 31758 3894 86734 3895 
71935 3896 52681 3897 90901 3898 78152 3899 80940 3900 
45143 3901 44995 3902 71932 3903 71846 3904 51802 3905 
85557 3906 40254 3907 32610 3908 32606 3909 36749 3910 
21671 3911 6160 3912 38292 3913 28258 3914 36433 3915 
43479 3916 33945 3917 87098 3918 93730 3919 14820 3920 
75537 3921 47902 3922 92896 3923 52545 3924 23599 3925 
98586 3926 85588 3927 67871 3928 57151 3929 23665 3930 
83990 3931 30833 3932 33162 3933 81044 3934 71293 3935 
27829 3936 22055 3937 49753 3938 95033 3939 14369 3940 
38165 3941 15903 3942 1281 3943 61960 3944 75550 3945 
22030 3946 98277 3947 57578 3948 54183 3949 91027 3950 
21774 3951 51730 3952 79314 3953 50055 3954 11161 3955 
66861 3956 17672 3957 22066 3958 95418 3959 71700 3960 
98170 3961 23017 3962 30977 3963 99114 3964 51913 3965 
1364 3966 29775 3967 35121 3968 16557 3969 83107 3970 
65109 3971 34970 3972 43465 3973 40421 3974 45327 3975 
28502 3976 62565 3977 84832 3978 967 3979 61513 3980 
79511 3981 96935 3982 39638 3983 82417 3984 2432 3985 
43788 3986 84770 3987 24237 3988 21488 3989 2436 3990 
29286 3991 50807 3992 93413 3993 3403 3994 3311 3995 
33017 3996 15397 3997 31526 3998 76248 3999 96062 4000 
7873 4001 73183 4002 87847 4003 31856 4004 64174 4005 
78741 4006 30336 4007 2123 4008 66536 4009 16947 4010 
84259 4011 67167 4012 12524 4013 34056 4014 44355 4015 
62890 4016 43750 4017 94600 4018 58613 4019 14375 4020 
19597 4021 73043 4022 43609 4023 18197 4024 32678 4025 
85930 4026 32269 4027 47577 4028 19909 4029 2697 4030 
56404 4031 34613 4032 83288 4033 49969 4034 65686 4035 
62047 4036 97889 4037 28948 4038 37173 4039 53339 4040 
51056 4041 98414 4042 35039 4043 84348 4044 26441 4045 
36881 4046 38890 4047 52467 4048 19243 4049 86640 4050 
70825 4051 29806 4052 44927 4053 99663 4054 16385 4055 
95870 4056 82671 4057 50803 4058 52558 4059 92126 4060 
76943 4061 57207 4062 67223 4063 65981 4064 5851 4065 
44569 4066 78734 4067 74900 4068 13286 4069 30590 4070 
41771 4071 2729 4072 93391 4073 53967 4074 56170 4075 
99793 4076 10510 4077 63225 4078 79110 4079 95903 4080 
35540 4081 93893 4082 77887 4083 51150 4084 80449 4085 
4817 4086 50413 4087 3204 4088 16791 4089 14771 4090 
83658 4091 41806 4092 71105 4093 79119 4094 16452 4095 
91251 4096 405 4097 72898 4098 22368 4099 9860 4100 
64292 4101 1491 4102 30853 4103 21813 4104 26768 4105 
42980 4106 60337 4107 81173 4108 40423 4109 37286 4110 
45757 4111 30519 4112 88456 4113 76375 4114 4723 4115 
57364 4116 85831 4117 17088 4118 1517 4119 70328 4120 
69914 4121 33567 4122 36171 4123 14068 4124 43022 4125 
49791 4126 7072 4127 17013 4128 64622 4129 44371 4130 
69832 4131 19213 4132 29236 4133 99569 4134 42649 4135 
58930 4136 7659 4137 74404 4138 88898 4139 6094 4140 
73720 4141 17723 4142 41422 4143 18333 4144 86531 4145 
1322 4146 19795 4147 61002 4148 49104 4149 45434 4150 
31767 4151 76510 4152 18180 4153 29347 4154 43173 4155 
10176 4156 97254 4157 28442 4158 46774 4159 99992 4160 
5043 4161 95592 4162 59832 4163 15842 4164 75012 4165 
9655 4166 32627 4167 90115 4168 8069 4169 46711 4170 
55730 4171 16105 4172 70206 4173 90712 4174 12514 4175 
3184 4176 99563 4177 89383 4178 35203 4179 68465 4180 
63318 4181 78511 4182 87706 4183 13526 4184 83777 4185 
43135 4186 16555 4187 81713 4188 35200 4189 57724 4190 
82433 4191 16677 4192 98108 4193 49051 4194 9137 4195 
45979 4196 46241 4197 55305 4198 64207 4199 94982 4200 
32816 4201 12838 4202 16076 4203 95698 4204 37356 4205 
88017 4206 96238 4207 92866 4208 32144 4209 85808 4210 
31783 4211 65256 4212 28203 4213 8981 4214 3568 4215 
74046 4216 64728 4217 12263 4218 28374 4219 22083 4220 
13015 4221 94281 4222 59575 4223 57949 4224 76192 4225 
96810 4226 50173 4227 86962 4228 79431 4229 35620 4230 
24492 4231 57602 4232 61821 4233 70120 4234 60397 4235 
76316 4236 728 4237 30057 4238 92564 4239 66256 4240 
22193 4241 56645 4242 9202 4243 26233 4244 76832 4245 
82836 4246 29500 4247 65009 4248 89672 4249 72810 4250 
17203 4251 83015 4252 24512 4253 64322 4254 6856 4255 
48710 4256 38644 4257 9199 4258 93623 4259 69985 4260 
42133 4261 87060 4262 64985 4263 92379 4264 17391 4265 
75243 4266 33211 4267 65351 4268 99371 4269 93971 4270 
61200 4271 5438 4272 64494 4273 9928 4274 61059 4275 
50866 4276 27278 4277 73710 4278 84791 4279 46005 4280 
97654 4281 87048 4282 19473 4283 16068 4284 9080 4285 
44184 4286 45530 4287 92513 4288 87816 4289 68504 4290 
16027 4291 27854 4292 97105 4293 70262 4294 67311 4295 
94930 4296 56503 4297 84174 4298 76951 4299 154 4300 
6238 4301 6685 4302 43566 4303 52841 4304 59230 4305 
41867 4306 74982 4307 23486 4308 59275 4309 82197 4310 
36089 4311 92651 4312 42907 4313 95879 4314 25825 4315 
39136 4316 84587 4317 65897 4318 23926 4319 41190 4320 
90105 4321 27658 4322 72373 4323 67740 4324 91473 4325 
81855 4326 33946 4327 17967 4328 88093 4329 17111 4330 
804 4331 27035 4332 73594 4333 62978 4334 9764 4335 
93358 4336 85518 4337 8044 4338 57721 4339 98543 4340 
15878 4341 60166 4342 624 4343 84971 4344 24639 4345 
96280 4346 62458 4347 27947 4348 5297 4349 47756 4350 
76914 4351 89481 4352 61983 4353 93937 4354 33702 4355 
68935 4356 70888 4357 91279 4358 3933 4359 72173 4360 
15336 4361 48420 4362 74565 4363 5270 4364 3425 4365 
68548 4366 30555 4367 61482 4368 99943 4369 19600 4370 
85254 4371 10859 4372 30124 4373 60080 4374 74433 4375 
20775 4376 41815 4377 43741 4378 97472 4379 32573 4380 
44774 4381 49880 4382 10387 4383 94662 4384 81032 4385 
37647 4386 49698 4387 5604 4388 18687 4389 2599 4390 
93609 4391 52080 4392 2936 4393 21577 4394 47478 4395 
36102 4396 42852 4397 8080 4398 74328 4399 73431 4400 
60096 4401 64429 4402 77876 4403 10880 4404 76691 4405 
9309 4406 85581 4407 54039 4408 72948 4409 79711 4410 
72221 4411 18930 4412 3795 4413 54784 4414 10724 4415 
21177 4416 21985 4417 25816 4418 36295 4419 94538 4420 
20054 4421 41320 4422 62322 4423 86950 4424 69408 4425 
89110 4426 92092 4427 16745 4428 4539 4429 38310 4430 
29073 4431 84280 4432 73107 4433 53366 4434 303 4435 
24931 4436 48559 4437 9450 4438 72387 4439 58282 4440 
80877 4441 84034 4442 57658 4443 35283 4444 43263 4445 
72943 4446 79270 4447 10264 4448 17754 4449 80887 4450 
88266 4451 67912 4452 51180 4453 66207 4454 3163 4455 
16654 4456 4365 4457 77542 4458 73102 4459 19392 4460 
12100 4461 6094 4462 49357 4463 70088 4464 69181 4465 
91384 4466 86768 4467 40473 4468 58671 4469 60641 4470 
86639 4471 14945 4472 42559 4473 52393 4474 35682 4475 
3749 4476 42110 4477 73361 4478 91804 4479 74584 4480 
45469 4481 64408 4482 16826 4483 71033 4484 93424 4485 
6101 4486 58680 4487 92550 4488 10801 4489 77329 4490 
41199 4491 95212 4492 70517 4493 91474 4494 28292 4495 
35026 4496 133 4497 73782 4498 91117 4499 16351 4500 
66591 4501 10878 4502 21826 4503 26773 4504 3848 4505 
98754 4506 5488 4507 36805 4508 80216 4509 39133 4510 
83016 4511 17851 4512 37513 4513 85726 4514 12226 4515 
85098 4516 72471 4517 21733 4518 61603 4519 3363 4520 
72379 4521 57803 4522 51918 4523 3360 4524 61542 4525 
75740 4526 94509 4527 43508 4528 62921 4529 7374 4530 
61906 4531 18053 4532 30165 4533 30330 4534 66353 4535 
56189 4536 59285 4537 82802 4538 14912 4539 78785 4540 
46310 4541 48014 4542 55973 4543 79460 4544 17556 4545 
35674 4546 31353 4547 74950 4548 22494 4549 92541 4550 
571 4551 26060 4552 45714 4553 7115 4554 9483 4555 
64979 4556 64112 4557 34504 4558 34134 4559 77318 4560 
48186 4561 56686 4562 42502 4563 77961 4564 82183 4565 
10659 4566 81769 4567 88677 4568 56882 4569 62387 4570 
16781 4571 72390 4572 70888 4573 77987 4574 16601 4575 
4118 4576 61592 4577 45266 4578 10330 4579 61824 4580 
75312 4581 28489 4582 10848 4583 1735 4584 77657 4585 
97173 4586 35661 4587 42204 4588 99757 4589 55760 4590 
37756 4591 17741 4592 13783 4593 15144 4594 96181 4595 
80605 4596 32035 4597 89334 4598 5988 4599 21159 4600 
27903 4601 70962 4602 50260 4603 50188 4604 84118 4605 
37825 4606 33147 4607 36470 4608 83972 4609 69387 4610 
2107 4611 21108 4612 74554 4613 6878 4614 90051 4615 
36483 4616 47586 4617 73586 4618 63601 4619 42162 4620 
3012 4621 82955 4622 72403 4623 52690 4624 83318 4625 
1264 4626 56220 4627 72920 4628 92375 4629 98947 4630 
81508 4631 75373 4632 41655 4633 20027 4634 47199 4635 
51120 4636 98753 4637 22662 4638 20661 4639 40730 4640 
48439 4641 95485 4642 39065 4643 5096 4644 14815 4645 
34171 4646 38868 4647 27283 4648 34683 4649 70606 4650 
56690 4651 45984 4652 16825 4653 83050 4654 78513 4655 
8838 4656 69682 4657 79847 4658 1001 4659 99495 4660 
30782 4661 41530 4662 8639 4663 36256 4664 85272 4665 
26570 4666 63479 4667 62005 4668 18040 4669 94558 4670 
50464 4671 45308 4672 4166 4673 77261 4674 20609 4675 
90740 4676 5818 4677 32799 4678 26786 4679 12871 4680 
10227 4681 51067 4682 52395 4683 62802 4684 12969 4685 
39593 4686 91908 4687 8740 4688 23587 4689 8170 4690 
54104 4691 62832 4692 46413 4693 87872 4694 23724 4695 
15318 4696 68495 4697 65508 4698 35365 4699 84041 4700 
68630 4701 88062 4702 84620 4703 12442 4704 46789 4705 
93363 4706 25770 4707 52401 4708 61576 4709 52987 4710 
82809 4711 49625 4712 54871 4713 71327 4714 31111 4715 
8755 4716 37450 4717 70781 4718 90763 4719 52971 4720 
7101 4721 7173 4722 9408 4723 8596 4724 71674 4725 
1834 4726 2360 4727 39023 4728 53465 4729 47126 4730 
60849 4731 24308 4732 58487 4733 40784 4734 35411 4735 
32823 4736 4441 4737 31074 4738 50799 4739 59612 4740 
14547 4741 9563 4742 11184 4743 12443 4744 937 4745 
71212 4746 10013 4747 10993 4748 80921 4749 72525 4750 
67585 4751 27249 4752 92184 4753 57656 4754 81186 4755 
35870 4756 98870 4757 89668 4758 87623 4759 62168 4760 
9501 4761 19524 4762 5996 4763 12277 4764 59804 4765 
48958 4766 49808 4767 45226 4768 48792 4769 95007 4770 
71767 4771 99822 4772 54800 4773 43779 4774 32119 4775 
20616 4776 99690 4777 88953 4778 61899 4779 36683 4780 
74087 4781 86522 4782 26178 4783 34563 4784 84221 4785 
21467 4786 79206 4787 32411 4788 31872 4789 74330 4790 
43288 4791 6263 4792 92890 4793 96051 4794 36300 4795 
41311 4796 16904 4797 48008 4798 18947 4799 81142 4800 
31078 4801 40793 4802 32161 4803 26157 4804 94172 4805 
10126 4806 47512 4807 88714 4808 13634 4809 1131 4810 
59040 4811 47008 4812 8120 4813 93317 4814 3625 4815 
52308 4816 70559 4817 87695 4818 8825 4819 34900 4820 
62772 4821 94798 4822 32053 4823 22908 4824 51671 4825 
7755 4826 73022 4827 35167 4828 79157 4829 18115 4830 
12595 4831 34399 4832 43140 4833 33777 4834 55483 4835 
30169 4836 55429 4837 88149 4838 31670 4839 2464 4840 
33789 4841 87617 4842 42027 4843 76177 4844 80067 4845 
30371 4846 17249 4847 14408 4848 94042 4849 43860 4850 
96088 4851 14200 4852 73549 4853 30390 4854 18764 4855 
82172 4856 55417 4857 80816 4858 74543 4859 39503 4860 
58889 4861 14788 4862 38630 4863 55798 4864 3457 4865 
32702 4866 82847 4867 39592 4868 86424 4869 19267 4870 
47031 4871 19622 4872 21980 4873 21514 4874 13618 4875 
35422 4876 63258 4877 35127 4878 36598 4879 18447 4880 
51545 4881 72105 4882 37827 4883 85606 4884 62724 4885 
50078 4886 98633 4887 85973 4888 50026 4889 38993 4890 
42713 4891 38381 4892 14289 4893 24420 4894 27508 4895 
72740 4896 68185 4897 98409 4898 35576 4899 41099 4900 
99262 4901 68585 4902 84887 4903 95862 4904 78121 4905 
84097 4906 57587 4907 42010 4908 2720 4909 13075 4910 
80407 4911 57799 4912 17510 4913 70388 4914 76757 4915 
44104 4916 97022 4917 86806 4918 50464 4919 6456 4920 
37502 4921 31065 4922 54191 4923 95770 4924 57323 4925 
44866 4926 41740 4927 33854 4928 67187 4929 27523 4930 
2801 4931 28049 4932 34455 4933 11713 4934 31110 4935 
35646 4936 32502 4937 4756 4938 82573 4939 73239 4940 
35585 4941 30823 4942 38579 4943 78755 4944 92481 4945 
98674 4946 1573 4947 24618 4948 88034 4949 36805 4950 
14876 4951 49374 4952 80739 4953 83268 4954 16804 4955 
22049 4956 86644 4957 91002 4958 10361 4959 78625 4960 
65072 4961 11144 4962 54058 4963 73247 4964 50085 4965 
46583 4966 56870 4967 68110 4968 63071 4969 25938 4970 
90922 4971 45448 4972 36501 4973 34157 4974 19150 4975 
62652 4976 76641 4977 50124 4978 72053 4979 87269 4980 
93873 4981 83910 4982 97522 4983 42463 4984 33311 4985 
76742 4986 50884 4987 65516 4988 45496 4989 25293 4990 
88406 4991 32025 4992 47227 4993 18542 4994 76886 4995 
26695 4996 35963 4997 30264 4998 34361 4999 47938 5000 
37721 5001 93084 5002 72540 5003 18016 5004 88042 5005 
91113 5006 20271 5007 33005 5008 68343 5009 47289 5010 
69146 5011 27630 5012 45839 5013 48877 5014 97315 5015 
48825 5016 94253 5017 49969 5018 95621 5019 28885 5020 
4634 5021 13360 5022 41378 5023 24143 5024 30857 5025 
5846 5026 39424 5027 38346 5028 52791 5029 40776 5030 
77521 5031 81242 5032 81576 5033 69577 5034 23740 5035 
22369 5036 76118 5037 60040 5038 27169 5039 87633 5040 
87648 5041 63299 5042 70079 5043 11975 5044 74 5045 
63700 5046 59651 5047 5304 5048 87849 5049 26216 5050 
40413 5051 10795 5052 70226 5053 4547 5054 54728 5055 
34809 5056 1015 5057 49737 5058 78009 5059 5860 5060 
96320 5061 63915 5062 7757 5063 76443 5064 69274 5065 
76678 5066 91089 5067 15986 5068 10383 5069 82668 5070 
34131 5071 55785 5072 24861 5073 68055 5074 48449 5075 
37535 5076 14228 5077 70923 5078 54628 5079 85866 5080 
68412 5081 65974 5082 81206 5083 72313 5084 16767 5085 
37487 5086 68319 5087 63228 5088 71639 5089 6136 5090 
9774 5091 47355 5092 86511 5093 5057 5094 44667 5095 
20148 5096 42255 5097 58470 5098 40252 5099 61395 5100 
69650 5101 2174 5102 91470 5103 80278 5104 14063 5105 
99424 5106 99324 5107 17755 5108 49114 5109 47964 5110 
80274 5111 89978 5112 50078 5113 44404 5114 1849 5115 
28433 5116 44989 5117 70668 5118 35905 5119 22606 5120 
71588 5121 93899 5122 70245 5123 99162 5124 81694 5125 
25986 5126 21760 5127 78029 5128 51043 5129 71800 5130 
49846 5131 30187 5132 72297 5133 6248 5134 77498 5135 
24615 5136 31650 5137 59425 5138 89339 5139 92542 5140 
95370 5141 56424 5142 90763 5143 55986 5144 61582 5145 
53772 5146 80438 5147 64590 5148 64769 5149 37997 5150 
9602 5151 59780 5152 55678 5153 3507 5154 75938 5155 
38581 5156 17732 5157 6702 5158 27185 5159 20702 5160 
22533 5161 1216 5162 30285 5163 32011 5164 71679 5165 
95158 5166 95501 5167 5124 5168 19865 5169 35423 5170 
31791 5171 63524 5172 25121 5173 16409 5174 49645 5175 
99498 5176 26050 5177 30896 5178 20664 5179 78152 5180 
3042 5181 29373 5182 49360 5183 99846 5184 40713 5185 
30758 5186 11960 5187 31632 5188 72175 5189 32243 5190 
69447 5191 74606 5192 52275 5193 98916 5194 67625 5195 
68584 5196 76539 5197 74822 5198 95710 5199 48078 5200 
35334 5201 46321 5202 86743 5203 54302 5204 68636 5205 
5841 5206 8063 5207 76754 5208 65779 5209 9586 5210 
8163 5211 44933 5212 36710 5213 96247 5214 57435 5215 
15790 5216 66525 5217 35458 5218 44603 5219 5809 5220 
53427 5221 4498 5222 68132 5223 97884 5224 21762 5225 
49681 5226 92415 5227 12693 5228 96413 5229 74868 5230 
22276 5231 71831 5232 22602 5233 13751 5234 86117 5235 
95703 5236 15992 5237 84781 5238 7976 5239 73017 5240 
32026 5241 98083 5242 91860 5243 10693 5244 50549 5245 
82191 5246 37862 5247 23114 5248 82006 5249 25111 5250 
58942 5251 47836 5252 14901 5253 79026 5254 69631 5255 
81257 5256 40710 5257 60823 5258 73544 5259 12196 5260 
12049 5261 91703 5262 85240 5263 93942 5264 12668 5265 
58263 5266 83792 5267 36037 5268 43728 5269 44738 5270 
10388 5271 15939 5272 59791 5273 81504 5274 90318 5275 
7643 5276 20127 5277 78464 5278 80931 5279 99468 5280 
56145 5281 63614 5282 21435 5283 26421 5284 94181 5285 
26869 5286 87861 5287 73908 5288 14350 5289 77124 5290 
37088 5291 19033 5292 70808 5293 56580 5294 57504 5295 
63306 5296 46519 5297 20521 5298 30703 5299 76346 5300 
66511 5301 82993 5302 48562 5303 13951 5304 47604 5305 
49280 5306 23088 5307 95948 5308 19706 5309 4578 5310 
72654 5311 29275 5312 14061 5313 4944 5314 67519 5315 
40005 5316 77181 5317 21372 5318 69990 5319 34358 5320 
35706 5321 20775 5322 10159 5323 43220 5324 7081 5325 
28663 5326 96810 5327 17285 5328 23666 5329 7490 5330 
74938 5331 30662 5332 13797 5333 1909 5334 6247 5335 
19635 5336 62308 5337 47600 5338 67053 5339 30231 5340 
55156 5341 13868 5342 29243 5343 73364 5344 98042 5345 
51852 5346 14207 5347 89524 5348 87309 5349 49996 5350 
87155 5351 6346 5352 2886 5353 56321 5354 89749 5355 
31863 5356 87696 5357 13095 5358 92706 5359 63831 5360 
75680 5361 63631 5362 86836 5363 11260 5364 31483 5365 
33250 5366 20902 5367 18106 5368 68844 5369 56850 5370 
37779 5371 51079 5372 21864 5373 24051 5374 56577 5375 
63597 5376 53575 5377 39556 5378 97688 5379 76156 5380 
99622 5381 51138 5382 50191 5383 19707 5384 61364 5385 
80602 5386 36582 5387 73154 5388 82328 5389 4064 5390 
38524 5391 88622 5392 64725 5393 67089 5394 9085 5395 
38911 5396 8575 5397 87499 5398 11916 5399 40389 5400 
85039 5401 94057 5402 95860 5403 1542 5404 87646 5405 
72800 5406 34681 5407 22498 5408 40385 5409 44427 5410 
35923 5411 24077 5412 79990 5413 75946 5414 50347 5415 
16251 5416 71264 5417 37693 5418 93960 5419 25381 5420 
58910 5421 52866 5422 28348 5423 87185 5424 7096 5425 
50887 5426 31816 5427 78135 5428 28848 5429 28172 5430 
33831 5431 1800 5432 61390 5433 40329 5434 78267 5435 
68643 5436 656 5437 98306 5438 27194 5439 7880 5440 
68470 5441 17687 5442 16241 5443 28217 5444 49253 5445 
75133 5446 25013 5447 644 5448 99650 5449 58845 5450 
31611 5451 70926 5452 4043 5453 60979 5454 78990 5455 
22028 5456 21750 5457 49116 5458 92708 5459 97460 5460 
47499 5461 71135 5462 54566 5463 65324 5464 85846 5465 
93297 5466 54695 5467 49878 5468 22295 5469 44845 5470 
15843 5471 82478 5472 59132 5473 44095 5474 7941 5475 
27011 5476 72385 5477 10797 5478 48443 5479 16285 5480 
37806 5481 27427 5482 14534 5483 95274 5484 68407 5485 
98121 5486 76961 5487 4770 5488 3847 5489 68127 5490 
2078 5491 54668 5492 92815 5493 8921 5494 58639 5495 
29993 5496 13598 5497 44556 5498 8912 5499 44722 5500 
85123 5501 93346 5502 59917 5503 8575 5504 31019 5505 
25642 5506 99886 5507 156 5508 72650 5509 93235 5510 
47475 5511 46184 5512 43524 5513 68870 5514 96851 5515 
91016 5516 37169 5517 45323 5518 50444 5519 3265 5520 
23280 5521 82724 5522 92985 5523 7055 5524 92831 5525 
60045 5526 75390 5527 44265 5528 21862 5529 82104 5530 
45104 5531 71129 5532 75767 5533 16957 5534 80736 5535 
67632 5536 11155 5537 90240 5538 63101 5539 91360 5540 
70766 5541 42761 5542 42255 5543 38843 5544 8390 5545 
65604 5546 40652 5547 86848 5548 25396 5549 62989 5550 
66268 5551 73737 5552 48212 5553 57350 5554 96322 5555 
46684 5556 26985 5557 43325 5558 32201 5559 44405 5560 
89663 5561 17789 5562 19226 5563 7042 5564 42835 5565 
61609 5566 71129 5567 4915 5568 70975 5569 25415 5570 
38374 5571 56102 5572 49061 5573 76522 5574 11959 5575 
59134 5576 50065 5577 97002 5578 59842 5579 1582 5580 
98461 5581 83969 5582 51877 5583 17905 5584 93610 5585 
92286 5586 40917 5587 60636 5588 2788 5589 77189 5590 
32722 5591 17862 5592 2620 5593 39746 5594 95348 5595 
56892 5596 29821 5597 51585 5598 29902 5599 99129 5600 
87365 5601 36998 5602 48849 5603 34381 5604 40638 5605 
20311 5606 85517 5607 64176 5608 29574 5609 4321 5610 
88992 5611 23145 5612 17459 5613 31623 5614 42309 5615 
65112 5616 94785 5617 94837 5618 78632 5619 16267 5620 
57473 5621 4003 5622 60094 5623 91649 5624 82736 5625 
89840 5626 27002 5627 43102 5628 33020 5629 20086 5630 
21314 5631 57039 5632 28691 5633 32815 5634 37627 5635 
48472 5636 43530 5637 45391 5638 57335 5639 4220 5640 
93591 5641 80644 5642 77183 5643 12586 5644 9611 5645 
62884 5646 52160 5647 79455 5648 5921 5649 75523 5650 
34455 5651 71461 5652 84665 5653 39378 5654 5169 5655 
45718 5656 43177 5657 66105 5658 63530 5659 22597 5660 
84435 5661 64797 5662 59545 5663 33105 5664 65839 5665 
31382 5666 30362 5667 25680 5668 59867 5669 30304 5670 
28016 5671 48520 5672 41722 5673 85820 5674 6855 5675 
33076 5676 63680 5677 36328 5678 72565 5679 91915 5680 
23611 5681 69276 5682 81605 5683 9882 5684 86035 5685 
46492 5686 19734 5687 51348 5688 68059 5689 50191 5690 
81432 5691 28298 5692 59688 5693 28452 5694 18175 5695 
74111 5696 8246 5697 95591 5698 22858 5699 46094 5700 
60026 5701 47690 5702 70087 5703 36216 5704 18791 5705 
86406 5706 37655 5707 3916 5708 50375 5709 5243 5710 
93166 5711 57484 5712 35398 5713 81625 5714 41623 5715 
1230 5716 47962 5717 35402 5718 94732 5719 34512 5720 
17236 5721 59799 5722 40715 5723 35636 5724 10930 5725 
4404 5726 64653 5727 88789 5728 64940 5729 91407 5730 
93670 5731 15340 5732 71803 5733 76106 5734 18716 5735 
52215 5736 32126 5737 20609 5738 75286 5739 79540 5740 
67768 5741 35686 5742 49085 5743 37293 5744 93302 5745 
59892 5746 9476 5747 86497 5748 43193 5749 87367 5750 
63489 5751 64266 5752 56082 5753 26126 5754 66237 5755 
54047 5756 24754 5757 67189 5758 19768 5759 42454 5760 
30572 5761 71556 5762 41697 5763 62335 5764 94563 5765 
36839 5766 87438 5767 28066 5768 93844 5769 88228 5770 
65351 5771 53516 5772 11696 5773 49561 5774 92899 5775 
5746 5776 12363 5777 89379 5778 3647 5779 88215 5780 
57504 5781 4157 5782 29931 5783 66123 5784 10277 5785 
96307 5786 54060 5787 43484 5788 5099 5789 28090 5790 
42124 5791 76626 5792 96450 5793 84217 5794 48786 5795 
62042 5796 38406 5797 55721 5798 8878 5799 67838 5800 
88134 5801 65591 5802 12203 5803 87553 5804 71181 5805 
92677 5806 91608 5807 82641 5808 94168 5809 14565 5810 
41240 5811 45715 5812 41360 5813 82373 5814 21811 5815 
60432 5816 45592 5817 60852 5818 2792 5819 55913 5820 
81165 5821 15709 5822 37616 5823 53668 5824 86577 5825 
6713 5826 67322 5827 83223 5828 88327 5829 49953 5830 
473 5831 99006 5832 63546 5833 45503 5834 22794 5835 
65504 5836 48830 5837 27818 5838 48615 5839 90306 5840 
75393 5841 85292 5842 38074 5843 75378 5844 86573 5845 
12764 5846 68930 5847 25758 5848 72676 5849 6093 5850 
69937 5851 1824 5852 40324 5853 81529 5854 93894 5855 
26404 5856 18686 5857 4206 5858 32830 5859 61192 5860 
93371 5861 39911 5862 55194 5863 48322 5864 50274 5865 
2184 5866 75520 5867 72371 5868 6253 5869 52808 5870 
50691 5871 35725 5872 1337 5873 27960 5874 33781 5875 
55892 5876 27965 5877 4542 5878 6360 5879 87261 5880 
76839 5881 91624 5882 53246 5883 41731 5884 86026 5885 
30483 5886 39844 5887 32758 5888 90272 5889 13381 5890 
1573 5891 95574 5892 80801 5893 85972 5894 57268 5895 
42696 5896 2439 5897 81209 5898 14069 5899 98305 5900 
34470 5901 43579 5902 39953 5903 17666 5904 24452 5905 
41718 5906 41904 5907 38502 5908 70027 5909 34701 5910 
2666 5911 30075 5912 72836 5913 52737 5914 97058 5915 
2676 5916 20711 5917 76519 5918 30056 5919 15376 5920 
89631 5921 51145 5922 13149 5923 73049 5924 95252 5925 
50323 5926 22903 5927 35080 5928 65378 5929 14451 5930 
66271 5931 67616 5932 49320 5933 22236 5934 10832 5935 
58811 5936 27884 5937 19651 5938 24994 5939 82268 5940 
38578 5941 22328 5942 13129 5943 37685 5944 84656 5945 
27872 5946 23654 5947 19734 5948 53721 5949 23164 5950 
54299 5951 66259 5952 31893 5953 48316 5954 78088 5955 
15116 5956 62893 5957 83783 5958 66010 5959 55340 5960 
67928 5961 60024 5962 87944 5963 92770 5964 11873 5965 
50124 5966 32051 5967 62887 5968 74007 5969 94980 5970 
94709 5971 14314 5972 57428 5973 27924 5974 57968 5975 
55308 5976 50305 5977 11052 5978 89600 5979 2517 5980 
34208 5981 69097 5982 71992 5983 96390 5984 20058 5985 
8310 5986 90449 5987 50842 5988 80587 5989 37615 5990 
88923 5991 86137 5992 39709 5993 67222 5994 31739 5995 
53399 5996 73840 5997 45894 5998 93595 5999 96789 6000 
77955 6001 12245 6002 36911 6003 15086 6004 50035 6005 
77720 6006 25564 6007 78272 6008 51590 6009 29326 6010 
67097 6011 26677 6012 9043 6013 38710 6014 71676 6015 
30361 6016 31030 6017 90840 6018 65421 6019 14616 6020 
30054 6021 345 6022 98126 6023 63810 6024 53413 6025 
66461 6026 40994 6027 302 6028 47983 6029 28571 6030 
78681 6031 97716 6032 6161 6033 23500 6034 61762 6035 
28607 6036 66167 6037 12991 6038 684 6039 65393 6040 
68907 6041 45213 6042 50329 6043 50409 6044 5730 6045 
37675 6046 55490 6047 26008 6048 26654 6049 20601 6050 
1916 6051 68903 6052 17025 6053 59579 6054 44971 6055 
4248 6056 92085 6057 84221 6058 68576 6059 84448 6060 
3524 6061 85617 6062 60736 6063 5295 6064 99891 6065 
9506 6066 78825 6067 97724 6068 33562 6069 64377 6070 
17699 6071 77356 6072 61023 6073 84139 6074 86809 6075 
55959 6076 40314 6077 33512 6078 48641 6079 19033 6080 
89749 6081 20966 6082 70170 6083 52001 6084 35409 6085 
88816 6086 91406 6087 53775 6088 41411 6089 82985 6090 
20731 6091 10983 6092 86557 6093 66001 6094 25366 6095 
18712 6096 23776 6097 25919 6098 97159 6099 24369 6100 
34587 6101 51192 6102 38811 6103 40093 6104 69864 6105 
86882 6106 33728 6107 16123 6108 50290 6109 61155 6110 
33878 6111 92636 6112 85144 6113 72673 6114 24339 6115 
50789 6116 56449 6117 59267 6118 691 6119 65026 6120 
7002 6121 26187 6122 25931 6123 18231 6124 65457 6125 
98263 6126 17329 6127 78840 6128 39353 6129 74483 6130 
50418 6131 54811 6132 7901 6133 5749 6134 57272 6135 
33160 6136 50298 6137 87013 6138 39301 6139 85754 6140 
52514 6141 53517 6142 10961 6143 72147 6144 45716 6145 
97520 6146 40100 6147 98486 6148 42882 6149 76673 6150 
53128 6151 97826 6152 56681 6153 68143 6154 28723 6155 
81700 6156 1290 6157 33582 6158 12510 6159 75369 6160 
3595 6161 99223 6162 46947 6163 89908 6164 75111 6165 
22668 6166 25610 6167 3121 6168 24921 6169 13334 6170 
49119 6171 18264 6172 26116 6173 97060 6174 81140 6175 
44647 6176 83419 6177 67055 6178 77243 6179 97404 6180 
88101 6181 43117 6182 86778 6183 45068 6184 87764 6185 
69004 6186 8575 6187 43082 6188 43224 6189 13842 6190 
14889 6191 78933 6192 92449 6193 7634 6194 44882 6195 
20362 6196 92436 6197 33201 6198 8852 6199 1920 6200 
63844 6201 17324 6202 37489 6203 7130 6204 20405 6205 
12356 6206 56624 6207 3607 6208 25325 6209 36268 6210 
67271 6211 66699 6212 80315 6213 43844 6214 63185 6215 
83595 6216 19351 6217 34687 6218 23724 6219 64264 6220 
48938 6221 64698 6222 78519 6223 98242 6224 49370 6225 
16872 6226 52246 6227 86973 6228 27364 6229 4540 6230 
62743 6231 50266 6232 89474 6233 25577 6234 63789 6235 
52397 6236 87783 6237 59658 6238 95050 6239 18506 6240 
74658 6241 2281 6242 26003 6243 15130 6244 91708 6245 
59076 6246 58102 6247 50077 6248 9603 6249 81824 6250 
80025 6251 6324 6252 30035 6253 13641 6254 54496 6255 
62206 6256 58856 6257 24949 6258 52048 6259 65895 6260 
60315 6261 64140 6262 36969 6263 26010 6264 6302 6265 
17248 6266 53812 6267 52180 6268 41653 6269 69465 6270 
58965 6271 29470 6272 96824 6273 88041 6274 91161 6275 
38806 6276 92601 6277 828 6278 77208 6279 41888 6280 
98038 6281 27699 6282 24795 6283 33541 6284 22447 6285 
33067 6286 62931 6287 27071 6288 44985 6289 6919 6290 
52377 6291 78884 6292 11300 6293 49032 6294 3386 6295 
77521 6296 55689 6297 26486 6298 6116 6299 19170 6300 
39333 6301 98087 6302 289 6303 66894 6304 30455 6305 
51011 6306 84978 6307 43947 6308 90608 6309 74727 6310 
96836 6311 42989 6312 72806 6313 5191 6314 65668 6315 
42396 6316 81852 6317 8344 6318 89924 6319 8540 6320 
94947 6321 36076 6322 61506 6323 28560 6324 91580 6325 
80140 6326 9233 6327 62069 6328 95649 6329 69884 6330 
23367 6331 22140 6332 89959 6333 8212 6334 69794 6335 
96073 6336 23435 6337 16860 6338 1790 6339 94633 6340 
94802 6341 66823 6342 29691 6343 74803 6344 62980 6345 
2716 6346 14433 6347 15577 6348 4076 6349 30874 6350 
9536 6351 38908 6352 7583 6353 30140 6354 87984 6355 
58654 6356 80327 6357 61598 6358 55364 6359 9203 6360 
5634 6361 98916 6362 68691 6363 52443 6364 87403 6365 
74476 6366 51575 6367 86834 6368 93943 6369 38158 6370 
20633 6371 85561 6372 4871 6373 55411 6374 15577 6375 
72098 6376 55840 6377 29167 6378 55889 6379 980 6380 
70510 6381 16165 6382 30762 6383 49188 6384 66917 6385 
22449 6386 65737 6387 39264 6388 26285 6389 5065 6390 
99462 6391 9126 6392 16322 6393 77381 6394 47023 6395 
15520 6396 68178 6397 14023 6398 22519 6399 8159 6400 
16483 6401 78061 6402 42846 6403 39796 6404 25280 6405 
47847 6406 37116 6407 83861 6408 39156 6409 3857 6410 
41691 6411 15717 6412 18518 6413 46891 6414 69503 6415 
76240 6416 40691 6417 58155 6418 4162 6419 77112 6420 
74429 6421 79044 6422 84269 6423 26081 6424 64399 6425 
83839 6426 11449 6427 47406 6428 94350 6429 42077 6430 
36784 6431 47818 6432 32920 6433 19010 6434 54662 6435 
31527 6436 4429 6437 42358 6438 60473 6439 99181 6440 
68477 6441 71457 6442 9194 6443 75118 6444 36846 6445 
40965 6446 45541 6447 94902 6448 3904 6449 15409 6450 
63230 6451 50794 6452 17627 6453 83196 6454 90805 6455 
36723 6456 72346 6457 39061 6458 94557 6459 56227 6460 
61447 6461 52505 6462 35269 6463 56997 6464 88519 6465 
96417 6466 14811 6467 33822 6468 98817 6469 14867 6470 
1080 6471 98126 6472 59413 6473 41944 6474 25307 6475 
46737 6476 86034 6477 44601 6478 4507 6479 75115 6480 
87342 6481 51556 6482 53579 6483 71035 6484 73297 6485 
47657 6486 16590 6487 93502 6488 53224 6489 58461 6490 
64785 6491 88712 6492 31372 6493 23384 6494 80082 6495 
19928 6496 92973 6497 57360 6498 67116 6499 91376 6500 
62197 6501 30803 6502 14351 6503 27623 6504 4920 6505 
55534 6506 55336 6507 29349 6508 43822 6509 50382 6510 
64859 6511 64057 6512 51118 6513 74329 6514 61614 6515 
65943 6516 85069 6517 57354 6518 78869 6519 13040 6520 
40457 6521 29546 6522 7769 6523 21689 6524 90310 6525 
47571 6526 14021 6527 48514 6528 6446 6529 44270 6530 
78087 6531 18274 6532 59743 6533 81922 6534 11417 6535 
2334 6536 17588 6537 72631 6538 56831 6539 56964 6540 
75568 6541 40327 6542 89851 6543 93268 6544 83204 6545 
38032 6546 99603 6547 91265 6548 49447 6549 1325 6550 
42834 6551 89511 6552 42620 6553 14351 6554 32688 6555 
78595 6556 31639 6557 88263 6558 45041 6559 1964 6560 
50603 6561 3627 6562 99525 6563 20737 6564 7201 6565 
48120 6566 99836 6567 30539 6568 96925 6569 88763 6570 
98437 6571 27823 6572 29649 6573 53956 6574 84507 6575 
10778 6576 22966 6577 64742 6578 80777 6579 65636 6580 
67465 6581 47028 6582 74845 6583 33021 6584 23224 6585 
76882 6586 3615 6587 70979 6588 63842 6589 59568 6590 
55727 6591 31415 6592 44645 6593 19648 6594 56116 6595 
44880 6596 35060 6597 84250 6598 49326 6599 65014 6600 
21639 6601 74527 6602 3741 6603 58405 6604 57880 6605 
81356 6606 17592 6607 38242 6608 9701 6609 90492 6610 
19426 6611 30839 6612 21351 6613 39667 6614 20654 6615 
32984 6616 5500 6617 35562 6618 95861 6619 65002 6620 
43414 6621 32072 6622 37770 6623 49568 6624 66349 6625 
72981 6626 58027 6627 49465 6628 77701 6629 31940 6630 
82480 6631 78906 6632 66929 6633 40528 6634 20118 6635 
62431 6636 60915 6637 81251 6638 68589 6639 53061 6640 
56172 6641 36465 6642 55997 6643 37054 6644 76184 6645 
26498 6646 8628 6647 46501 6648 2183 6649 40664 6650 
77327 6651 72945 6652 32775 6653 63399 6654 51435 6655 
25310 6656 38097 6657 24396 6658 38509 6659 3654 6660 
87567 6661 56409 6662 90494 6663 66617 6664 46764 6665 
27321 6666 12579 6667 54868 6668 58666 6669 24062 6670 
99666 6671 95518 6672 47142 6673 5189 6674 7191 6675 
53113 6676 6557 6677 6155 6678 77971 6679 11744 6680 
70299 6681 76761 6682 14847 6683 69712 6684 83178 6685 
53788 6686 10039 6687 3348 6688 37917 6689 23472 6690 
16490 6691 9765 6692 74316 6693 8282 6694 73886 6695 
69680 6696 81174 6697 20354 6698 82619 6699 80932 6700 
85707 6701 59981 6702 52654 6703 901 6704 62909 6705 
1723 6706 41062 6707 1758 6708 48235 6709 2959 6710 
31948 6711 86327 6712 90950 6713 90161 6714 5539 6715 
34330 6716 42621 6717 26649 6718 89417 6719 48837 6720 
35512 6721 42297 6722 84173 6723 51023 6724 68985 6725 
10408 6726 8221 6727 27638 6728 88530 6729 89907 6730 
12067 6731 70091 6732 11686 6733 12032 6734 71015 6735 
56637 6736 27842 6737 79850 6738 77114 6739 19887 6740 
74818 6741 66239 6742 16104 6743 10693 6744 74100 6745 
41351 6746 33153 6747 16461 6748 88757 6749 34135 6750 
62402 6751 17007 6752 53301 6753 34150 6754 19636 6755 
64317 6756 13149 6757 69673 6758 34832 6759 53926 6760 
2832 6761 56036 6762 31929 6763 15072 6764 86737 6765 
94138 6766 46816 6767 84417 6768 83918 6769 13273 6770 
11398 6771 43815 6772 99396 6773 94648 6774 21491 6775 
96486 6776 88357 6777 82440 6778 49415 6779 27899 6780 
86801 6781 87708 6782 58293 6783 47792 6784 52450 6785 
17200 6786 24429 6787 37950 6788 73083 6789 13824 6790 
76546 6791 36744 6792 15995 6793 78511 6794 16239 6795 
75863 6796 11886 6797 54191 6798 92706 6799 47327 6800 
89252 6801 91797 6802 66611 6803 19527 6804 1215 6805 
85476 6806 12889 6807 39934 6808 15761 6809 59596 6810 
80378 6811 59074 6812 72445 6813 13704 6814 47326 6815 
85461 6816 43909 6817 83192 6818 86170 6819 34399 6820 
78916 6821 53276 6822 78400 6823 64941 6824 45130 6825 
71760 6826 906 6827 8715 6828 34468 6829 42113 6830 
38882 6831 81976 6832 41637 6833 42532 6834 67192 6835 
37926 6836 77333 6837 8969 6838 82026 6839 60227 6840 
31569 6841 40493 6842 57768 6843 20562 6844 59766 6845 
33901 6846 50153 6847 23246 6848 24448 6849 31143 6850 
66144 6851 38062 6852 88801 6853 67935 6854 73371 6855 
78894 6856 24835 6857 44811 6858 27561 6859 20152 6860 
68527 6861 2927 6862 55066 6863 55625 6864 27078 6865 
76073 6866 39422 6867 95095 6868 19282 6869 7646 6870 
25807 6871 62896 6872 9038 6873 66748 6874 75334 6875 
9583 6876 74133 6877 71082 6878 72310 6879 72971 6880 
37689 6881 26028 6882 11901 6883 28017 6884 78064 6885 
19012 6886 73095 6887 46382 6888 24474 6889 66232 6890 
12405 6891 45965 6892 40238 6893 94822 6894 97474 6895 
48317 6896 93325 6897 57700 6898 36518 6899 77545 6900 
14728 6901 20615 6902 49529 6903 28190 6904 49214 6905 
31363 6906 70192 6907 1505 6908 10123 6909 79607 6910 
63690 6911 59679 6912 60145 6913 82479 6914 94853 6915 
75773 6916 53376 6917 85840 6918 83588 6919 63470 6920 
90468 6921 54070 6922 40058 6923 55228 6924 58306 6925 
32218 6926 80795 6927 60004 6928 48411 6929 3565 6930 
88737 6931 72471 6932 74132 6933 32888 6934 95109 6935 
24459 6936 35712 6937 81168 6938 29175 6939 66352 6940 
14427 6941 975 6942 3016 6943 41263 6944 12252 6945 
73466 6946 72871 6947 68024 6948 91902 6949 27690 6950 
45973 6951 80386 6952 13576 6953 90798 6954 82403 6955 
79291 6956 9386 6957 53834 6958 75157 6959 42679 6960 
84185 6961 1886 6962 78464 6963 3008 6964 82406 6965 
49699 6966 94307 6967 46528 6968 14505 6969 44263 6970 
20181 6971 10306 6972 93761 6973 44390 6974 7315 6975 
53097 6976 94407 6977 64000 6978 77883 6979 54407 6980 
5469 6981 70586 6982 2201 6983 52399 6984 21181 6985 
63252 6986 42439 6987 65791 6988 78484 6989 15753 6990 
28103 6991 57500 6992 24849 6993 59134 6994 40320 6995 
88479 6996 75580 6997 95818 6998 46943 6999 79081 7000 
98710 7001 82456 7002 48520 7003 42208 7004 47779 7005 
92332 7006 66390 7007 77658 7008 48000 7009 69815 7010 
28474 7011 20250 7012 29721 7013 19126 7014 85769 7015 
15699 7016 94577 7017 27574 7018 23123 7019 57653 7020 
94374 7021 9491 7022 11562 7023 56923 7024 492 7025 
71231 7026 86252 7027 29657 7028 42456 7029 39872 7030 
24126 7031 85034 7032 98368 7033 68708 7034 38259 7035 
65067 7036 26977 7037 31118 7038 2291 7039 39162 7040 
41453 7041 41065 7042 67480 7043 84329 7044 38285 7045 
93293 7046 37452 7047 88276 7048 11252 7049 99153 7050 
21222 7051 97093 7052 7 7053 5060 7054 93824 7055 
91831 7056 45624 7057 19735 7058 55635 7059 19011 7060 
51271 7061 43655 7062 96473 7063 18920 7064 75234 7065 
89573 7066 38576 7067 92560 7068 15610 7069 6472 7070 
53789 7071 23190 7072 81249 7073 71012 7074 24589 7075 
21623 7076 81925 7077 90275 7078 46017 7079 95799 7080 
12174 7081 67568 7082 46159 7083 54624 7084 47918 7085 
19038 7086 36511 7087 43660 7088 22715 7089 93036 7090 
90368 7091 75966 7092 1358 7093 36451 7094 87334 7095 
65263 7096 22562 7097 72637 7098 55101 7099 90537 7100 
39597 7101 4092 7102 85850 7103 21317 7104 47976 7105 
29720 7106 3934 7107 11065 7108 52705 7109 71278 7110 
13949 7111 22493 7112 94076 7113 36526 7114 63859 7115 
83062 7116 20638 7117 7630 7118 16549 7119 81530 7120 
70726 7121 32544 7122 34971 7123 7153 7124 99804 7125 
14347 7126 51011 7127 1960 7128 69887 7129 38965 7130 
6267 7131 43527 7132 99434 7133 55211 7134 24105 7135 
739 7136 57353 7137 22745 7138 96697 7139 8297 7140 
73150 7141 73347 7142 48175 7143 87022 7144 26743 7145 
88806 7146 65601 7147 96523 7148 76106 7149 84743 7150 
73144 7151 44373 7152 78646 7153 3885 7154 61684 7155 
91664 7156 63110 7157 64548 7158 75986 7159 88660 7160 
12811 7161 80537 7162 4659 7163 46237 7164 28104 7165 
67170 7166 14325 7167 98907 7168 46273 7169 74826 7170 
18701 7171 43426 7172 10404 7173 46179 7174 75786 7175 
43362 7176 95292 7177 76201 7178 61861 7179 74432 7180 
18075 7181 65043 7182 79749 7183 48062 7184 84027 7185 
93085 7186 20565 7187 91308 7188 43853 7189 14697 7190 
13137 7191 80139 7192 67792 7193 62692 7194 63357 7195 
20062 7196 73986 7197 78981 7198 6891 7199 43149 7200 
83832 7201 38579 7202 73012 7203 43776 7204 15392 7205 
13941 7206 84757 7207 6686 7208 67465 7209 34456 7210 
1162 7211 90528 7212 91526 7213 32027 7214 41042 7215 
17543 7216 96519 7217 27769 7218 14585 7219 85862 7220 
82347 7221 7188 7222 28968 7223 64684 7224 51923 7225 
51570 7226 27289 7227 54583 7228 8765 7229 41892 7230 
66270 7231 95307 7232 7367 7233 28186 7234 37533 7235 
81640 7236 86980 7237 62085 7238 89672 7239 4240 7240 
85906 7241 23215 7242 13921 7243 66864 7244 3078 7245 
31089 7246 14896 7247 43956 7248 46407 7249 23350 7250 
99729 7251 33326 7252 83299 7253 98485 7254 83826 7255 
27469 7256 87723 7257 66549 7258 29575 7259 74076 7260 
60343 7261 24959 7262 5485 7263 21358 7264 83493 7265 
78084 7266 77603 7267 47037 7268 61133 7269 49164 7270 
22448 7271 51219 7272 85452 7273 90956 7274 81299 7275 
52812 7276 66395 7277 87586 7278 59353 7279 66775 7280 
58142 7281 54216 7282 10091 7283 55177 7284 17473 7285 
83437 7286 35127 7287 38933 7288 32917 7289 57695 7290 
72875 7291 29014 7292 70750 7293 45605 7294 45588 7295 
86048 7296 94134 7297 26664 7298 83597 7299 45467 7300 
25078 7301 43653 7302 48054 7303 51653 7304 35416 7305 
64937 7306 29044 7307 29071 7308 72598 7309 49901 7310 
4594 7311 80925 7312 48880 7313 49928 7314 7974 7315 
46622 7316 48348 7317 44595 7318 65574 7319 68163 7320 
35226 7321 8193 7322 35739 7323 12567 7324 79052 7325 
25193 7326 135 7327 72520 7328 47560 7329 24955 7330 
33520 7331 20660 7332 56463 7333 85759 7334 5238 7335 
24279 7336 6870 7337 66135 7338 46342 7339 36663 7340 
85676 7341 57515 7342 49915 7343 68922 7344 52017 7345 
16408 7346 58986 7347 11855 7348 83782 7349 26529 7350 
36387 7351 21269 7352 12148 7353 61798 7354 3952 7355 
2115 7356 29263 7357 69587 7358 84656 7359 26940 7360 
14424 7361 70318 7362 80606 7363 2334 7364 87516 7365 
74242 7366 72243 7367 53423 7368 64936 7369 49188 7370 
29665 7371 30944 7372 62895 7373 34071 7374 85699 7375 
57993 7376 65719 7377 82130 7378 32138 7379 24307 7380 
52664 7381 35143 7382 65519 7383 4763 7384 55747 7385 
75268 7386 26883 7387 25741 7388 3254 7389 74724 7390 
51126 7391 28131 7392 88795 7393 65139 7394 65918 7395 
78947 7396 94208 7397 78229 7398 57540 7399 64882 7400 
86065 7401 67339 7402 51618 7403 60606 7404 209 7405 
5438 7406 40386 7407 2210 7408 26466 7409 69314 7410 
24940 7411 11902 7412 6583 7413 61990 7414 30883 7415 
13941 7416 62434 7417 95812 7418 98832 7419 53743 7420 
78663 7421 57174 7422 47445 7423 82197 7424 74193 7425 
517 7426 55941 7427 95453 7428 10409 7429 74031 7430 
15538 7431 26794 7432 325 7433 62372 7434 54782 7435 
71679 7436 2669 7437 42781 7438 52448 7439 89619 7440 
7578 7441 90113 7442 13504 7443 67310 7444 46484 7445 
33593 7446 98572 7447 46260 7448 87756 7449 63528 7450 
65380 7451 15136 7452 11808 7453 9712 7454 1901 7455 
42155 7456 94624 7457 64960 7458 5183 7459 76052 7460 
67052 7461 6960 7462 87319 7463 75528 7464 58688 7465 
79559 7466 70572 7467 36537 7468 79835 7469 30626 7470 
67362 7471 74365 7472 42757 7473 67809 7474 27636 7475 
83202 7476 74328 7477 85759 7478 76083 7479 39715 7480 
26178 7481 38845 7482 54733 7483 39153 7484 45592 7485 
81883 7486 32652 7487 52563 7488 30619 7489 78072 7490 
43774 7491 71948 7492 56292 7493 78146 7494 66352 7495 
66553 7496 25309 7497 7597 7498 63074 7499 7899 7500 
66183 7501 59926 7502 59581 7503 33825 7504 74620 7505 
83002 7506 50934 7507 12502 7508 69752 7509 62893 7510 
90537 7511 36222 7512 15871 7513 54966 7514 34071 7515 
21753 7516 42418 7517 85564 7518 82191 7519 19147 7520 
80263 7521 49247 7522 90058 7523 34101 7524 20665 7525 
56352 7526 89218 7527 50324 7528 94819 7529 43553 7530 
97900 7531 97837 7532 66519 7533 46128 7534 79509 7535 
50734 7536 28231 7537 44803 7538 45891 7539 53645 7540 
91732 7541 42319 7542 91908 7543 69994 7544 68494 7545 
95305 7546 90897 7547 17121 7548 42096 7549 25537 7550 
76822 7551 3435 7552 45235 7553 61358 7554 88197 7555 
10982 7556 67250 7557 14788 7558 51335 7559 73157 7560 
34605 7561 82802 7562 36030 7563 81777 7564 26386 7565 
72240 7566 25468 7567 20317 7568 9640 7569 87022 7570 
3987 7571 60826 7572 5240 7573 83592 7574 81238 7575 
80920 7576 23983 7577 95934 7578 39384 7579 54174 7580 
44757 7581 55053 7582 11135 7583 42380 7584 41842 7585 
79452 7586 70765 7587 71324 7588 6827 7589 92935 7590 
47678 7591 3109 7592 52096 7593 33971 7594 52665 7595 
27506 7596 27477 7597 56893 7598 40681 7599 82414 7600 
29419 7601 89364 7602 20788 7603 79256 7604 32904 7605 
2818 7606 63865 7607 52945 7608 30332 7609 73021 7610 
51721 7611 78067 7612 18756 7613 56395 7614 57472 7615 
92992 7616 37051 7617 84439 7618 46345 7619 51879 7620 
18039 7621 83353 7622 38503 7623 80859 7624 87048 7625 
58880 7626 81072 7627 49169 7628 8042 7629 47417 7630 
35233 7631 78612 7632 51194 7633 23616 7634 96046 7635 
5415 7636 31671 7637 71968 7638 27644 7639 77449 7640 
48382 7641 75272 7642 14463 7643 16693 7644 33591 7645 
46448 7646 408 7647 1968 7648 9530 7649 31782 7650 
12131 7651 30172 7652 36551 7653 43503 7654 40068 7655 
95582 7656 28833 7657 37482 7658 81430 7659 86283 7660 
8300 7661 37896 7662 33051 7663 34373 7664 65179 7665 
24843 7666 58794 7667 72310 7668 94465 7669 43196 7670 
46168 7671 41625 7672 81604 7673 61374 7674 9878 7675 
72187 7676 17806 7677 7267 7678 96217 7679 317 7680 
35677 7681 35194 7682 91521 7683 22251 7684 69212 7685 
32561 7686 40358 7687 85832 7688 58717 7689 57806 7690 
34681 7691 7731 7692 40850 7693 12242 7694 43877 7695 
66163 7696 86717 7697 87575 7698 17446 7699 59723 7700 
76849 7701 98154 7702 6993 7703 41858 7704 30884 7705 
2433 7706 22293 7707 37435 7708 41906 7709 41638 7710 
57347 7711 22992 7712 661 7713 75322 7714 96717 7715 
5448 7716 33211 7717 73234 7718 39807 7719 65421 7720 
17151 7721 30897 7722 61376 7723 40773 7724 86079 7725 
12261 7726 60235 7727 13580 7728 79810 7729 87001 7730 
34890 7731 29469 7732 48682 7733 22309 7734 64861 7735 
22104 7736 74308 7737 9418 7738 69444 7739 37572 7740 
26264 7741 53650 7742 61895 7743 53520 7744 34451 7745 
33443 7746 16322 7747 66123 7748 20243 7749 38578 7750 
17018 7751 74295 7752 96055 7753 30760 7754 65522 7755 
25047 7756 12574 7757 30714 7758 79408 7759 96484 7760 
5656 7761 25159 7762 28593 7763 85647 7764 70781 7765 
4260 7766 19920 7767 37269 7768 71949 7769 85603 7770 
58823 7771 96488 7772 74032 7773 54256 7774 88073 7775 
93627 7776 72857 7777 50155 7778 27937 7779 72428 7780 
85664 7781 63815 7782 19490 7783 54414 7784 56102 7785 
59296 7786 3433 7787 91572 7788 22531 7789 29389 7790 
50412 7791 97126 7792 96183 7793 2130 7794 95692 7795 
59897 7796 96583 7797 60054 7798 20948 7799 41590 7800 
95652 7801 4006 7802 69023 7803 28333 7804 29053 7805 
91844 7806 73691 7807 57869 7808 43562 7809 9069 7810 
35761 7811 72055 7812 62655 7813 83145 7814 79338 7815 
50635 7816 69002 7817 36251 7818 77571 7819 66755 7820 
22165 7821 82166 7822 45963 7823 67276 7824 52588 7825 
12225 7826 63095 7827 21652 7828 98801 7829 82502 7830 
93577 7831 2009 7832 83816 7833 9832 7834 56092 7835 
54020 7836 58768 7837 7803 7838 618 7839 93263 7840 
77157 7841 45496 7842 33186 7843 14991 7844 1379 7845 
91569 7846 54015 7847 36583 7848 84790 7849 14150 7850 
55400 7851 1391 7852 17122 7853 43082 7854 59455 7855 
60351 7856 68865 7857 65182 7858 62579 7859 13391 7860 
21089 7861 15495 7862 93513 7863 36557 7864 21182 7865 
47915 7866 84872 7867 42730 7868 62129 7869 17084 7870 
4264 7871 23910 7872 43176 7873 80145 7874 90397 7875 
1272 7876 33142 7877 31699 7878 92036 7879 65536 7880 
24110 7881 18245 7882 13233 7883 24670 7884 32887 7885 
39399 7886 26931 7887 88547 7888 80349 7889 32352 7890 
30885 7891 10896 7892 54697 7893 53322 7894 84762 7895 
77730 7896 43618 7897 15157 7898 85355 7899 78413 7900 
2506 7901 13776 7902 8048 7903 20632 7904 11135 7905 
77809 7906 66966 7907 53738 7908 59557 7909 5578 7910 
23703 7911 46304 7912 95501 7913 11450 7914 5075 7915 
23180 7916 60194 7917 89667 7918 74053 7919 4966 7920 
37243 7921 17893 7922 34817 7923 8504 7924 40137 7925 
64986 7926 42849 7927 60867 7928 67904 7929 37972 7930 
34025 7931 51295 7932 65602 7933 1661 7934 82872 7935 
95593 7936 36562 7937 31060 7938 49455 7939 15785 7940 
66696 7941 11498 7942 76821 7943 44103 7944 37679 7945 
84287 7946 56476 7947 44911 7948 25440 7949 46798 7950 
88081 7951 10745 7952 3159 7953 54962 7954 21342 7955 
29359 7956 93836 7957 43518 7958 83043 7959 37534 7960 
46515 7961 74725 7962 60207 7963 74379 7964 42358 7965 
49790 7966 31592 7967 21934 7968 72035 7969 68937 7970 
14009 7971 74121 7972 64260 7973 5811 7974 17427 7975 
6438 7976 86826 7977 69827 7978 83376 7979 28257 7980 
86090 7981 66122 7982 14838 7983 87184 7984 78650 7985 
26905 7986 92684 7987 60669 7988 59804 7989 80298 7990 
13579 7991 13896 7992 47411 7993 43176 7994 77417 7995 
24954 7996 36867 7997 73045 7998 98493 7999 78399 8000 
3215 8001 90641 8002 13955 8003 6518 8004 49731 8005 
89750 8006 15512 8007 13983 8008 68873 8009 83628 8010 
35951 8011 56024 8012 51090 8013 98463 8014 80688 8015 
52877 8016 49745 8017 13450 8018 6424 8019 13960 8020 
86288 8021 64366 8022 13882 8023 14101 8024 58815 8025 
72920 8026 39707 8027 11092 8028 99280 8029 37707 8030 
3761 8031 18962 8032 9884 8033 24225 8034 92401 8035 
54567 8036 97536 8037 21244 8038 35739 8039 56454 8040 
16786 8041 88682 8042 67466 8043 34429 8044 26277 8045 
8200 8046 39507 8047 45838 8048 61488 8049 61897 8050 
595 8051 10327 8052 27435 8053 6743 8054 37787 8055 
68658 8056 19005 8057 82828 8058 23014 8059 63158 8060 
83722 8061 92018 8062 2955 8063 67461 8064 51980 8065 
10282 8066 19833 8067 21431 8068 73206 8069 51734 8070 
53170 8071 33495 8072 12849 8073 85350 8074 28116 8075 
97108 8076 84789 8077 16334 8078 44654 8079 30635 8080 
16468 8081 83308 8082 43784 8083 90690 8084 69951 8085 
89745 8086 41763 8087 27813 8088 71098 8089 83489 8090 
31505 8091 50309 8092 31196 8093 21755 8094 71479 8095 
37224 8096 80629 8097 10643 8098 56711 8099 94601 8100 
72539 8101 87991 8102 93987 8103 80553 8104 55954 8105 
26308 8106 83881 8107 34119 8108 62473 8109 68555 8110 
45948 8111 30511 8112 98358 8113 73703 8114 10227 8115 
51048 8116 84763 8117 41300 8118 38136 8119 99932 8120 
42828 8121 4651 8122 28931 8123 22002 8124 77498 8125 
30790 8126 14058 8127 75695 8128 74182 8129 42063 8130 
41070 8131 93648 8132 85756 8133 78929 8134 1216 8135 
19755 8136 53882 8137 56488 8138 60366 8139 45942 8140 
78300 8141 28309 8142 11636 8143 84522 8144 20446 8145 
60247 8146 79904 8147 2732 8148 3677 8149 34265 8150 
73311 8151 14876 8152 51343 8153 47663 8154 94967 8155 
74496 8156 86124 8157 46659 8158 99206 8159 34070 8160 
99252 8161 34916 8162 1114 8163 42976 8164 86662 8165 
27424 8166 25449 8167 35793 8168 40588 8169 78018 8170 
11653 8171 22489 8172 79770 8173 94866 8174 75368 8175 
29659 8176 99177 8177 72443 8178 63642 8179 57660 8180 
21039 8181 10739 8182 30997 8183 12385 8184 32981 8185 
62917 8186 6564 8187 42355 8188 6183 8189 51128 8190 
18701 8191 61919 8192 96746 8193 16882 8194 92816 8195 
69579 8196 46809 8197 27132 8198 40564 8199 76796 8200 
18489 8201 40161 8202 14151 8203 47105 8204 13326 8205 
46381 8206 8170 8207 7980 8208 52681 8209 38324 8210 
53210 8211 38589 8212 20395 8213 31386 8214 60424 8215 
55451 8216 98056 8217 52287 8218 44296 8219 14953 8220 
55304 8221 35761 8222 72059 8223 26819 8224 92902 8225 
21645 8226 62514 8227 25793 8228 74654 8229 24302 8230 
84452 8231 80215 8232 25746 8233 54263 8234 85437 8235 
25570 8236 19762 8237 7964 8238 15414 8239 98736 8240 
24311 8241 5644 8242 96417 8243 14371 8244 26153 8245 
49746 8246 29574 8247 68700 8248 10649 8249 96573 8250 
23709 8251 77980 8252 27547 8253 82484 8254 76004 8255 
58981 8256 35324 8257 22576 8258 34512 8259 37048 8260 
79718 8261 4592 8262 24737 8263 23698 8264 28554 8265 
33689 8266 28108 8267 40106 8268 54633 8269 44749 8270 
58796 8271 75506 8272 31181 8273 88068 8274 97209 8275 
60205 8276 80240 8277 11551 8278 3394 8279 1771 8280 
93387 8281 7941 8282 51664 8283 79942 8284 26315 8285 
69151 8286 98944 8287 20880 8288 54017 8289 91433 8290 
23672 8291 74627 8292 61750 8293 4891 8294 49500 8295 
969 8296 38420 8297 58767 8298 98630 8299 28379 8300 
33667 8301 79955 8302 3301 8303 88320 8304 37696 8305 
36367 8306 40765 8307 42894 8308 43763 8309 79047 8310 
47028 8311 17695 8312 57232 8313 7365 8314 7690 8315 
23665 8316 22264 8317 113 8318 20438 8319 1883 8320 
47420 8321 82045 8322 73017 8323 53415 8324 24882 8325 
50128 8326 83000 8327 22710 8328 54454 8329 66727 8330 
1181 8331 87506 8332 3173 8333 37956 8334 89183 8335 
70789 8336 54091 8337 34604 8338 43601 8339 31096 8340 
23672 8341 80304 8342 54032 8343 6274 8344 56264 8345 
27067 8346 50330 8347 82805 8348 36209 8349 61784 8350 
15675 8351 37880 8352 93447 8353 39010 8354 16328 8355 
54655 8356 16795 8357 15094 8358 26397 8359 42436 8360 
30653 8361 66644 8362 6504 8363 3052 8364 35454 8365 
12346 8366 28933 8367 72236 8368 59963 8369 21331 8370 
28660 8371 30577 8372 24416 8373 83537 8374 99602 8375 
22457 8376 67465 8377 37962 8378 48485 8379 43343 8380 
47041 8381 3205 8382 64943 8383 55910 8384 85515 8385 
31381 8386 65737 8387 73702 8388 92873 8389 11257 8390 
23478 8391 7377 8392 68185 8393 79380 8394 95750 8395 
3044 8396 49213 8397 59005 8398 29255 8399 14823 8400 
52810 8401 35776 8402 25415 8403 44468 8404 24607 8405 
96419 8406 18794 8407 49723 8408 95509 8409 2095 8410 
37769 8411 70096 8412 24631 8413 41613 8414 88102 8415 
43790 8416 93584 8417 11360 8418 24330 8419 92777 8420 
5368 8421 98575 8422 51375 8423 34356 8424 32672 8425 
2525 8426 29327 8427 36964 8428 54967 8429 14167 8430 
38034 8431 75683 8432 21562 8433 89039 8434 94964 8435 
58519 8436 78677 8437 90400 8438 9747 8439 88458 8440 
2543 8441 50084 8442 1849 8443 98218 8444 87743 8445 
93005 8446 4059 8447 44746 8448 50190 8449 97990 8450 
23741 8451 78721 8452 17558 8453 22319 8454 36289 8455 
10665 8456 96482 8457 338 8458 40750 8459 79762 8460 
25455 8461 37487 8462 16314 8463 94043 8464 45122 8465 
60277 8466 80128 8467 51349 8468 43539 8469 50023 8470 
61906 8471 69333 8472 62972 8473 83563 8474 78798 8475 
49703 8476 86944 8477 27708 8478 15237 8479 77043 8480 
61482 8481 85843 8482 86755 8483 5745 8484 42908 8485 
74881 8486 94214 8487 19950 8488 6006 8489 18687 8490 
55487 8491 60856 8492 91049 8493 80104 8494 35267 8495 
3358 8496 15892 8497 17902 8498 80550 8499 29704 8500 
30248 8501 47238 8502 9245 8503 91685 8504 43247 8505 
2623 8506 92438 8507 74892 8508 12514 8509 50941 8510 
17050 8511 78610 8512 43256 8513 78716 8514 14896 8515 
3192 8516 9229 8517 82600 8518 96660 8519 93083 8520 
73950 8521 24994 8522 34805 8523 18132 8524 60165 8525 
77708 8526 98167 8527 88440 8528 88319 8529 65768 8530 
52791 8531 88708 8532 80663 8533 40721 8534 8488 8535 
86894 8536 6649 8537 58250 8538 8695 8539 18973 8540 
27356 8541 8385 8542 32375 8543 76669 8544 81988 8545 
48319 8546 1036 8547 28283 8548 47838 8549 17570 8550 
61373 8551 84047 8552 96615 8553 73172 8554 44619 8555 
76957 8556 64671 8557 68612 8558 87363 8559 67583 8560 
52420 8561 14364 8562 35429 8563 97120 8564 69102 8565 
191 8566 42336 8567 6764 8568 43072 8569 29771 8570 
16938 8571 13488 8572 24905 8573 16747 8574 71026 8575 
82371 8576 20873 8577 17970 8578 66984 8579 63876 8580 
7722 8581 34461 8582 68060 8583 70812 8584 96186 8585 
93571 8586 49342 8587 54176 8588 30299 8589 36811 8590 
36251 8591 99695 8592 32326 8593 77008 8594 99155 8595 
7584 8596 29007 8597 55724 8598 47682 8599 36899 8600 
23812 8601 27293 8602 36333 8603 92836 8604 12043 8605 
19328 8606 14223 8607 10413 8608 70859 8609 71280 8610 
26087 8611 41217 8612 94692 8613 32334 8614 99110 8615 
81212 8616 88014 8617 7917 8618 30729 8619 87117 8620 
72052 8621 80053 8622 26245 8623 16427 8624 9809 8625 
91030 8626 21873 8627 91887 8628 4599 8629 72070 8630 
68843 8631 35086 8632 81347 8633 19144 8634 47186 8635 
35776 8636 17000 8637 66589 8638 24070 8639 23680 8640 
46680 8641 85851 8642 70830 8643 87695 8644 35549 8645 
41458 8646 5319 8647 43827 8648 72903 8649 69250 8650 
31727 8651 87595 8652 14621 8653 2902 8654 8754 8655 
79298 8656 72825 8657 63975 8658 88795 8659 1210 8660 
27547 8661 47971 8662 35773 8663 94667 8664 14128 8665 
84318 8666 47296 8667 31933 8668 22276 8669 21717 8670 
78023 8671 2862 8672 27894 8673 91965 8674 85429 8675 
99597 8676 67238 8677 35127 8678 96610 8679 63862 8680 
54397 8681 26874 8682 25321 8683 20920 8684 37787 8685 
34810 8686 52151 8687 61830 8688 89044 8689 44786 8690 
17542 8691 51382 8692 18617 8693 40474 8694 67295 8695 
32928 8696 16361 8697 89909 8698 33297 8699 73298 8700 
22539 8701 91191 8702 28364 8703 41092 8704 44916 8705 
56274 8706 83431 8707 39859 8708 51014 8709 66472 8710 
57758 8711 24024 8712 81059 8713 16289 8714 8382 8715 
9894 8716 46837 8717 73176 8718 13747 8719 56673 8720 
4384 8721 19996 8722 8237 8723 33136 8724 14341 8725 
14253 8726 99316 8727 4469 8728 32792 8729 93560 8730 
7010 8731 70738 8732 7544 8733 80350 8734 86676 8735 
63570 8736 90056 8737 90494 8738 70311 8739 60823 8740 
11602 8741 30285 8742 89109 8743 10402 8744 13764 8745 
74140 8746 20517 8747 63821 8748 67971 8749 51419 8750 
36763 8751 7734 8752 66552 8753 34925 8754 18606 8755 
47361 8756 18673 8757 15919 8758 38054 8759 39585 8760 
38492 8761 70902 8762 6788 8763 95493 8764 70041 8765 
73957 8766 33312 8767 72193 8768 53548 8769 85093 8770 
31073 8771 51989 8772 1349 8773 49830 8774 72309 8775 
63344 8776 17978 8777 78153 8778 87914 8779 32505 8780 
68714 8781 32040 8782 72302 8783 67308 8784 73575 8785 
39866 8786 64078 8787 65357 8788 79650 8789 73342 8790 
38260 8791 7649 8792 43645 8793 67994 8794 63866 8795 
45685 8796 38682 8797 41769 8798 51871 8799 15183 8800 
84595 8801 67987 8802 42840 8803 12770 8804 89396 8805 
88658 880